-2.24741 -3.30507
2.83099 0.0135714
1.41917 1.14618
0.0911036 0.392041
1.87933 1.57524
2.42374 2.48314
-1.43678 1.24786
0.242602 -0.131779
2.48806 0.146159
3.90711 5.93856
-0.269395 -0.143436
-1.25416 -0.696117
0.227445 -0.0849437
-1.21883 -1.86537
-1.07346 0.87499
-2.31834 -1.79045
1.96896 -4.2431
-1.0489 1.10238
0.791307 3.3642
-3.80172 3.07705
-1.24174 -1.68281
-2.57817 1.43618
2.47643 -0.483729
-0.23463 0.086987
-1.2505 1.55856
0.470422 0.22217
0.432936 2.9389
-1.91606 3.94434
-1.7737 0.155316
-0.429196 -0.144032
-1.55628 -4.74666
1.90731 -0.332468
1.12345 1.08081
0.0494516 -0.391203
-1.79685 1.64346
2.13913 5.45245
-1.65551 -0.620998
-3.82907 2.50216
1.65383 0.55553
0.175223 -0.281961
-0.678879 0.766165
-6.34909 -1.78399
0.240633 1.12941
-0.329138 -0.465375
-1.5514 -3.07721
-4.22613 -2.28249
0.783518 5.20112
-5.73196 4.9456
1.80352 -1.95505
-4.36586 -3.66585
-0.191242 -0.39542
-0.678897 -0.714337
-4.37242 1.30674
-2.71985 3.40456
0.118152 -1.1249
3.2327 -3.01705
0.451758 0.62203
0.426848 -0.967048
0.877366 0.233775
0.239067 -0.630242
4.5643 3.913
0.479192 0.112349
0.507923 0.191472
-4.60661 0.86914
-4.73628 1.93058
-0.484756 0.31307
0.656741 7.63038
-6.54046 0.572725
1.25254 1.05766
0.328223 0.858819
0.765824 -0.758553
-0.165148 -1.0273
1.47007 3.3444
5.065 0.271232
1.22437 0.962366
3.29108 0.774275
0.415008 0.38658
2.32901 1.45681
0.721333 -1.30889
-0.645086 1.50303
0.543287 0.236357
0.127023 0.352276
1.1061 0.693937
3.64529 -1.50098
-5.8088 -1.10404
0.179393 0.25073
0.76384 -1.41932
-2.03836 -1.36176
4.70796 0.759393
1.91578 2.08875
-0.26188 0.385601
2.07063 5.06249
3.081 -0.580381
-1.18806 -2.27243
3.23857 -1.624
-0.164898 0.00634288
0.441654 1.7051
2.30733 2.88308
-1.61518 -1.11388
0.766175 2.4334
-0.102616 4.2718
-4.63642 -0.405995
-2.35571 4.52483
-3.03925 3.41812
0.226249 0.262198
-4.9023 1.33092
4.18548 -2.73106
-0.200317 -0.0494239
3.51464 0.0802132
-3.50778 -0.0474232
-2.09299 1.55513
-4.1797 5.44921
1.21844 -1.94317
1.58474 -1.2217
-0.0482365 0.0377575
3.41306 0.120472
-0.175261 -0.385305
0.301988 -5.64439
0.087643 -4.49143
3.91046 1.8698
-1.26509 3.36523
1.34145 0.430935
1.26624 -3.638
1.65504 1.2463
0.477591 1.00042
-0.0435517 -0.111924
-0.0299539 -0.289188
-2.78609 -2.47847
1.29912 0.207248
-3.34069 2.56266
1.41185 -1.00535
-0.50167 1.61437
-0.360011 0.413432
4.40377 -0.590383
0.233939 2.65836
-2.47329 -1.41151
0.0134219 -0.120656
0.566154 0.59468
0.227595 -0.919229
0.323445 0.692498
-0.101354 0.9009
-3.32259 1.90635
-0.142393 -1.96498
0.0395986 -0.220237
-0.514794 -0.445895
3.00417 5.76903
-1.17349 1.59928
1.81227 -2.03936
0.59772 2.98168
1.15868 1.40642
1.10352 4.48276
8.38911 -0.175367
2.57448 0.612983
-0.213095 0.142716
-2.049 2.95202
-0.168406 0.0832592
3.58105 4.16616
1.28 1.97924
-1.71999 0.260372
2.31112 -1.49605
-0.687628 1.3177
-0.147394 -0.0195156
-3.78194 -0.30123
0.155822 0.283776
-3.23265 4.14495
2.40935 -1.84199
-2.84653 -0.362462
1.67334 1.19301
-0.311854 3.94639
1.42213 -3.1083
1.29772 1.85102
2.30262 0.479647
2.30753 2.72024
0.57018 -1.20267
-0.467984 0.185649
0.881896 -5.60581
0.221067 -0.784307
0.338895 0.948981
-2.84686 0.221808
1.40363 -1.75733
-4.64951 -0.956892
1.17105 0.435306
-0.0580451 -0.474157
-0.749267 -0.0843311
-0.0881716 -0.639746
-1.9756 3.36252
2.40063 -0.949935
-0.0340009 1.66862
-0.053657 -0.0116879
-1.74607 -5.67251
0.28675 -2.27193
-1.3979 -0.05565
0.3777 -0.541603
0.0867873 0.10335
-4.7545 -3.29909
0.174441 -0.342324
-1.97548 1.17768
0.80235 -4.37569
2.02184 -0.650792
-1.44205 0.707789
-1.40777 0.403144
-3.85958 0.76428
-0.0973839 0.952663
2.47326 -1.39613
1.57956 -0.405989
0.271768 -0.266516
0.64718 0.444215
-0.136637 2.81148
-0.749983 3.10687
1.9319 -2.02223
-0.0124472 -0.0502934
-1.25027 -0.93606
1.99173 -3.29167
1.42929 2.41939
-0.196702 -0.430688
2.70363 -0.243279
-3.60842 -3.75475
-1.43593 0.228085
-0.272777 0.156785
-0.0166405 0.0548832
-0.0930531 -0.541655
-2.08182 -1.85125
0.766569 -2.40086
-2.78691 1.25623
-1.34218 -0.797349
-2.40948 -0.821459
0.112317 -0.0647719
0.0212535 0.716028
-2.38031 -2.10689
4.62349 0.694915
0.22104 0.0262314
-0.731639 -0.474107
0.823125 -0.852733
-2.24553 2.73259
-5.23531 -0.0757988
0.177714 1.16006
0.692823 0.904153
-0.262846 -0.186296
0.86024 -2.52284
-3.45221 -1.03461
-0.848819 -2.11628
1.60198 0.878954
-1.25759 -1.78612
-8.23744 0.179308
0.963739 0.693247
0.176013 -0.0192809
0.967902 -0.338189
1.077 1.1765
-0.826763 0.188578
4.09395 2.66239
-0.529703 3.45994
-2.61911 -0.430969
1.59009 0.684892
3.2046 -3.23067
-0.0384751 0.0201365
3.4151 -0.757286
-0.614248 1.43497
2.69242 0.283446
-2.72411 4.50498
3.76679 2.53059
1.23389 -0.227536
-2.60884 -1.93299
0.303886 0.851464
-2.72855 0.80976
0.568353 5.22777
1.89127 -0.682871
1.98838 -3.29041
1.76245 -2.05679
-0.186872 -1.37538
4.26249 -2.02208
-0.578244 -1.06344
-1.56941 -2.64555
1.25243 -4.1066
2.99385 0.774397
-1.20409 2.20936
0.13885 -0.048485
-2.69191 -1.55481
4.81813 -2.38034
-0.380924 -0.381307
6.94165 0.975375
-0.128166 0.00648137
-3.72129 -2.04778
0.696267 -1.49595
0.284951 0.517528
-1.57911 -4.09531
0.121756 0.585773
-1.36974 3.55842
-2.45052 4.95719
0.62816 0.882594
0.329386 -0.664555
-0.787101 2.90857
-0.486713 0.593442
-0.597734 1.67126
0.746834 -0.281861
-0.00989419 0.269675
-4.59805 0.803768
-1.16278 1.90228
0.330015 -2.29517
1.0086 -0.132854
-0.514877 -0.000740472
1.84093 -0.233517
-2.78255 -0.915415
-1.1249 -4.19512
0.932357 0.404559
-1.73642 1.43768
1.32134 0.0781293
1.18634 1.72147
-0.479313 3.84207
-0.26594 0.333675
0.0307883 2.47959
-2.77145 -0.521795
-1.55698 -0.992897
-0.0668032 -0.368901
1.52216 0.944823
-0.00836792 -0.126951
3.77633 2.5129
0.301283 1.91512
0.596057 -0.342523
0.065693 -0.131967
-0.351205 -0.904103
1.97518 0.792113
-0.409206 0.42012
-1.8513 2.40308
-1.36335 -3.83508
2.72264 -1.14434
2.68302 -1.04091
-0.0971657 -0.0514003
-3.03399 0.151679
-1.04035 -3.60739
0.652616 0.0242886
-0.128735 0.87331
2.87412 0.177134
-2.17587 -0.27664
-0.344664 -1.25642
2.14542 1.58167
8.57337 -0.0969985
1.19294 2.33439
4.8483 -4.57032
-2.89891 -1.58801
-1.48347 0.552896
2.0321 -0.514003
0.510502 1.01525
1.01092 -0.450446
0.933753 0.584814
0.773709 1.1755
-0.531778 -0.227781
-0.511018 -0.0685587
2.51052 4.92431
-0.964869 -1.72605
-0.185723 -0.639841
-2.2143 4.65788
0.493233 -0.156261
0.551582 1.87142
-0.846627 -0.743031
0.58814 -0.640257
1.05939 2.97374
-1.981 2.2962
3.0705 0.508571
0.885018 -0.450613
2.36208 -3.39682
-3.59359 1.58763
-2.63659 3.23622
0.377024 -0.584212
0.270883 3.51811
4.83047 1.40588
1.07828 1.84131
0.188458 5.65439
1.21811 0.22511
1.65576 -2.58628
0.804006 -3.12128
0.248057 1.09895
1.7825 0.123931
2.12213 2.31908
-1.09622 -1.5787
-3.46987 3.56514
1.81495 -0.0452523
-3.6123 -0.460675
-4.6044 -3.95428
-2.33422 1.60184
0.126222 -0.790484
-0.0512301 0.0763746
0.0208758 0.845404
-2.64955 -4.77412
-0.114358 1.84832
1.10497 1.63881
2.37185 -3.83142
-2.79673 -0.483361
-1.2268 0.109086
-4.74188 -5.62597
-0.191198 -7.4813
5.28761 2.47617
0.0422967 -0.0646929
0.00340794 -0.0457505
-1.37964 -0.356438
-0.918798 0.491012
0.634674 0.450657
1.04711 0.339263
0.438431 0.342305
-3.52961 0.893866
-0.0974377 1.12326
-0.527086 -1.02005
-1.8939 3.8535
1.30121 1.08009
1.46248 -3.21275
-1.38336 -0.420087
-1.50458 1.09614
0.216584 -0.357013
2.47741 0.873085
-2.32936 2.23193
-1.09425 -1.34259
0.695266 -4.36495
-2.24298 3.27016
1.46774 5.63532
-1.20312 -1.14135
1.48203 -2.61051
0.079078 0.172313
0.214765 0.0756872
-2.22087 3.43048
-8.24994 1.46171
-0.243599 -0.191434
1.3723 0.0484383
-1.43261 0.0537305
-2.24396 1.46635
4.78553 -2.58284
3.00973 -0.251053
-2.1244 1.33307
1.97845 1.63648
-2.47907 3.25137
0.403061 0.981147
-1.13728 1.74494
-0.889851 -0.213226
0.979379 -0.620735
0.142932 -0.288513
-0.477151 2.62631
1.04696 -1.15209
-1.48854 -2.18637
-0.00325883 -0.00401095
-2.82518 3.2444
2.11125 0.264517
0.485572 0.367554
1.35208 -2.47922
-4.6979 -0.325271
0.405553 2.10028
0.448447 0.610059
-2.06422 -2.09182
-0.596056 2.15501
-4.27151 -0.190562
-0.056595 -1.45857
6.08015 1.49705
-1.93911 -1.45702
0.71003 1.98224
1.42338 -2.97719
-1.44762 -0.648862
-0.55324 0.165688
-0.181795 -4.15098
-0.0149344 -0.000893111
0.518584 0.544086
-2.44816 6.95844
2.06827 0.464876
-0.969413 2.70556
1.59322 3.0325
2.55999 -4.39276
1.25115 3.11332
2.46877 -0.0719765
1.4256 -0.06401
-2.68167 -0.7297
-1.42891 -4.87733
-4.36164 0.291906
0.573258 -2.1941
1.66452 -6.66252
-1.04792 1.45194
-0.81056 0.223734
-2.57392 0.312713
-0.522543 2.62626
2.04275 -3.19616
0.142112 -1.62919
-0.222569 1.06413
0.370971 -0.0243631
-0.00379848 -0.0123403
2.43788 -2.46905
0.45077 -0.0397773
0.63124 0.705694
-1.72836 0.929195
-0.313549 -0.663167
-0.11523 -3.35113
-1.34829 -1.59843
1.45553 1.19271
1.25748 2.8181
-2.36598 -1.81639
-0.749812 -1.93683
-0.424979 5.16356
1.67802 3.57653
2.01138 -1.80351
4.33023 0.902874
-0.427655 2.54488
1.08764 1.98437
-0.193692 -0.323389
-4.3268 -3.68141
4.12476 -2.83467
0.1245 0.115704
0.123024 3.1943
0.645267 -0.801544
-3.42723 -0.80804
0.046882 -0.530413
-0.215119 -0.0886978
0.0560203 0.00127853
-0.347327 -5.98608
-0.100283 -1.9192
-1.22782 -0.0859575
-0.620283 -0.166996
-0.0623436 0.271227
-4.69933 0.613962
0.387366 -0.305074
-1.52391 2.1582
-3.67417 3.5232
-0.215646 -0.649298
-2.17292 -0.220544
2.27941 0.823511
-3.4383 -2.7514
-0.284885 -0.344921
0.620517 0.570062
1.83925 -2.87047
0.278994 0.0785946
0.514674 -0.725788
-1.45863 -3.40035
-3.14399 -2.70951
0.48757 -6.39643
-1.35253 3.97781
-1.12692 -1.08061
1.44892 0.482685
0.180448 0.199873
5.67012 0.20776
-0.403086 -0.756098
5.92525 -1.66428
2.23103 0.222768
0.0641295 0.000159862
-1.85243 0.0438766
-1.70108 -2.20372
0.18958 0.74544
-0.131177 -0.579332
2.46137 -1.30115
1.94742 -8.83229
-2.90654 -0.747948
3.15535 -0.540669
-2.09357 -2.05115
0.965356 -4.42259
0.182618 0.654625
2.1537 -1.79049
2.4419 -1.01535
-0.413647 -2.10424
-0.148259 -0.215977
-2.27707 -1.66227
-5.57563 2.01498
0.14086 0.584264
0.0179718 -1.92248
0.499819 1.73
-1.00935 -1.99159
3.8493 2.92187
-3.26161 0.574017
-3.77788 1.13537
-1.01805 -1.64771
-0.463331 -2.54746
-1.02306 -1.93509
-2.03504 -3.23788
5.63411 -1.37996e-15
-0.129779 -0.470261
-1.49225 1.30258
1.10178 -1.26356
-0.78156 1.2226
-1.27178 2.88353
-2.0939 2.18216
0.309538 2.04412
-1.10187 2.72901
-0.578734 -0.615056
0.026546 1.75781
1.94808 -0.983428
-0.824231 2.31574
-2.22143 -0.222025
-0.514546 -0.353976
2.64672 1.61138
0.587742 0.0740956
0.425412 0.104312
-0.149335 -0.249765
-1.46782 -0.479773
-0.122536 0.760375
-0.212725 -1.61198
0.109676 -0.985934
-0.165139 -0.00812886
4.56537 -1.31165
0.220483 1.34922
-3.26864 -1.95709
4.95248 3.32303
-5.81146 0.953974
0.837831 -8.64658
2.42359 0.0111537
1.36952 -0.205303
1.2348 2.84016
1.72623 1.90396
-1.02903 1.51082
-2.14224 -0.138008
-0.584411 1.58683
4.82097 0.978217
0.0871453 0.895778
0.57986 -0.136421
0.0745363 -2.72233
0.768759 0.75246
-3.23296 1.45879
0.925233 0.811548
0.102331 -1.14771
1.02223 -1.0172
-2.00143 2.33342
4.51175 3.95891
0.0274185 -0.0246419
-3.24736 4.73062
0.056407 -0.0413185
0.343608 -0.935472
-1.17789 0.402585
1.09573 0.601466
0.791131 -0.307451
0.551802 -1.09686
0.0352633 0.0548955
2.26801 2.11346
-0.165598 0.69476
-3.6564 6.03889
0.0661353 -0.272482
0.920082 3.06952
0.00315045 0.00366948
2.78087 -0.219081
-2.82934 0.355313
-0.532766 1.97323
6.47731 4.48625
6.19165 -2.16472
4.64479 1.64292
3.56354 -2.19493
-3.69096 2.98272
2.31497 -2.5711
0.550209 0.787042
-4.15236 -0.536024
0.134812 1.8145
0.112561 0.0668253
-0.679705 -1.00579
1.12941 0.701936
-2.48091 -5.30501
2.48006 2.06746
1.05512 -4.24756
-1.17486 0.0612199
-0.953498 1.15264
0.0480499 0.0504128
-0.383307 0.0653392
0.490413 -1.49721
-3.40456 0.252784
-0.196227 -0.968739
4.71359 -2.35687
2.08081 -2.58577
-0.620955 -1.04446
-3.5528 -0.633695
-3.40064 -1.09352
-0.331795 0.646054
-1.26664 -0.146253
-0.609817 2.57597
-0.0679783 -0.09915
0.771492 -1.57317
1.46066 -3.323
-0.374505 -0.0553709
-0.138545 -1.09012
0.576171 -0.747753
-0.180427 -0.245006
0.173572 -0.518127
1.48023 -1.7545
-0.0179657 -0.00495524
-1.49993 -0.828768
-0.305594 1.19347
0.39853 0.337967
-4.70636 4.7401
2.22081 2.86394
-0.201897 0.0231944
-3.41039 -0.540371
3.71533 1.44304
-1.2068 -3.81115
1.70705 0.260589
0.553088 0.412026
0.325171 0.168321
-2.01886 -2.2203
7.78317 -3.32236
-0.179808 -0.0553564
-0.253301 -0.753488
-0.350388 0.180395
-2.2055 -2.94023
-1.18743 -2.38363
2.61122 2.52661
-1.5758 0.253711
1.0769 0.556395
1.45758 1.94044
0.227695 -1.93214
0.214541 -0.0683763
0.563363 0.248697
-0.0988226 -0.027359
-3.15033 -6.16029
-1.81645 -2.38232
1.30542 -0.945121
3.97558 -1.57226
2.37072 1.71016
0.0803689 -0.118558
0.0683707 0.0865141
3.80419 -2.23976
-1.45299 3.17817
1.56031 -1.87407
-1.47653 4.19675
-0.616824 0.569183
1.05934 0.382032
-4.11432 -5.71213
-0.0206531 0.171435
-0.13628 0.309312
0.732441 -1.54416
0.0551808 -0.24017
2.24624 1.14477
0.7424 -0.914637
-0.862568 3.67823
-1.42147 0.202373
-0.840325 2.28035
0.98141 -0.362886
-0.640083 -2.33508
-0.163458 8.02186
0.886952 -1.9634
2.26463 1.34036
1.6098 -5.12306
0.186567 -3.02011
-1.62086 -1.40774
-0.030376 -0.00751315
1.30253 1.06441
0.854055 0.857049
-1.39742 -2.52822
1.10117 -1.34553
-2.61169 -0.696156
1.51285 -0.102268
-0.194862 -1.18458
-2.23472 3.23016
-0.201072 0.306576
0.873213 -2.33027
0.17833 1.80435
0.652648 0.0404744
-3.08167 -0.857615
-2.75004 1.23644
-3.44001 -0.230888
-4.08533 1.21412
-0.259023 0.0539816
-0.0165712 3.884
3.83533 2.18346
3.0929 -4.27241
5.59314 2.28924
-0.666649 -0.916991
-0.732539 -1.5532
0.217704 1.82032
3.5131 0.847866
-2.56513 1.11216
0.528552 -3.8323
1.54301 -0.415893
0.180913 0.0584239
-0.137142 0.177032
2.6262 -4.00335
-1.17416 0.871724
-0.483303 0.990077
-0.264194 -0.836011
-5.33799 -2.0304
0.8523 1.17023
0.109953 3.98791
5.01732 2.59105
-4.1813 -1.16623
0.0737212 0.179162
-1.09181 -1.11493
1.06135 -0.148923
-2.59928 0.956297
-0.813833 -0.452531
1.71039 -1.46065
-0.801972 0.186
2.67208 2.81859
-0.651396 0.28853
-4.38631 0.265688
1.51406 -2.52185
2.56823 -1.06383
-0.84924 1.85568
0.936314 -6.34756
1.48245 0.1999
-0.899768 1.91443
3.04098 -2.91211
0.0358319 -0.845993
-2.9302 2.93541
0.650793 1.28564
-5.8687 -0.535454
2.8179 0.55548
-3.69293 -0.727602
-3.69422 -1.66096
-0.436661 -1.36354
0.0617153 -1.21462
0.261157 1.16321
-0.406026 -0.111068
0.991011 -3.5263
-2.87862 0.265425
-1.73786 -1.1586
0.368335 -0.267104
-1.56384 -1.05519
3.02287 -1.41348
0.433044 2.23575
-3.37537 1.65911
1.46932 1.26947
2.03515 2.98123
0.951819 -2.38167
0.0792745 -2.91582
-0.0649448 0.0717283
-1.48177 1.61276
0.0954786 -0.24241
2.18333 -0.0334955
0.360257 0.750565
-0.610521 1.31205
2.18228 0.892217
-1.77892 1.35273
-0.00179727 -0.0196672
-0.403481 -0.66466
-0.175972 2.85303
-1.23078 -1.51365
1.56358 -0.766509
0.115669 -0.0934927
0.645845 0.398999
0.00355909 -0.060636
-1.91491 4.29478
2.25233 -1.05634
-0.655134 -1.81745
1.07896 4.07529
-3.35538 2.98145
1.41576 -0.631813
3.13459 -0.490204
-2.78961 -0.934365
0.250955 2.19465
-1.4834 -0.192647
-1.48634 3.51884
0.721026 -1.11914
-3.71738 2.45367
-1.30679 -3.69619
-0.493902 0.0756388
-0.748889 -0.669555
-0.191758 0.393595
-0.834726 2.21527
3.6551 -2.0173
0.558601 -0.00867691
1.04931 -0.224883
2.67886 -0.107417
-3.35961 -1.70773
-0.561167 -0.3126
0.97105 0.604291
-3.44948 1.45412
1.12035 -0.369409
0.085901 0.333217
-0.279717 1.52135
-0.749596 0.383383
-0.550332 -1.83662
-3.47594 1.17464
1.20236 -3.30275
1.79377 2.68252
-2.07924 1.9854
4.46789 0.578061
-1.02588 10.6833
2.37745 -0.0830047
0.0289654 0.0438971
0.767125 1.25689
-1.07893 -0.654468
-1.57253 0.882711
4.25417 -2.60908
-0.506218 -0.630921
2.79328 0.323884
2.96955 -0.406226
1.06955 -1.83932
1.42359 -0.901131
-0.609491 0.988998
-1.94465 0.590533
-0.612456 0.00475644
-0.130247 -0.057423
2.13915 0.761727
-2.67085 -3.76871
-5.27349 -1.36243
-2.16083 -3.70702
2.2289 -1.76303
-1.2851 -1.83713
-3.73457 1.71886
3.55297 -1.50537
-1.04844 -0.681968
0.0390157 0.0676621
0.312239 -0.981164
-3.28271 -4.8296
-0.415319 -0.81754
-1.93791 -2.86525
1.66588 0.489699
1.2461 4.28839
0.020155 -0.0256954
4.27125 -0.563449
-5.20286 -2.24632
1.85688 -1.47572
1.8497 -0.663056
4.03489 0.267318
2.72922 -3.27805
-1.28583 1.28614
-1.4681 -2.59814
-0.119287 -0.158963
-3.48196 -2.6383
0.696584 -1.27553
-0.405789 -0.218159
0.272778 0.200697
-1.11172 0.446457
0.953491 -1.50137
-0.680683 -0.640054
0.200116 -0.180406
-1.60155 -8.71065
-0.94761 1.08444
0.206775 0.557653
2.15422 1.21331
-3.83094 0.731925
3.32112 0.401878
-3.44453 2.48427
-0.495146 0.853582
0.718408 -1.62928
2.11181 -0.66815
0.270848 0.515767
-2.37913 1.97367
3.00727 1.92548
-0.541984 0.379318
0.965155 2.46566
2.18703 -0.14995
-1.1957 -2.84597
1.5398 2.52615
0.975241 1.37639
1.07606 -1.24897
0.11982 0.707623
0.00557461 -0.00294142
-0.0420693 0.0762158
-0.130987 -0.0477071
-0.880719 -0.632888
-0.59216 -3.81892
1.40592 1.14756
-0.91997 0.733003
-0.0720191 0.251171
-0.527771 0.0890278
2.39703 2.41653
-0.062429 -0.383643
-0.870121 -0.275203
1.8531 0.721792
0.830967 2.75302
-0.0225302 0.287924
2.47334 -3.69112
-2.83262 3.61913
-0.918959 -0.981526
0.0933366 0.0336804
-0.753791 -1.09359
0.776572 -1.66348
0.422053 1.69626
1.14403 1.76676
-1.86211 -1.59361
1.93413 2.95455
-0.972553 0.578773
-0.501567 -0.176816
-3.61538 3.28642
-0.372188 -0.384026
-2.24434 -3.29376
2.04919 3.75575
-1.65509 -1.17259
0.935168 -1.4997
1.74949 -1.1406
-4.43195 -1.43923
2.57449 1.231
-2.46831 2.55072
-0.953962 1.48475
-2.99502 -1.31838
0.140477 -0.526909
-0.269495 -0.233698
0.062724 0.226184
2.3869 3.13859
0.0830287 -0.591937
1.32011 -0.794026
1.17927 -0.910568
-0.16829 0.172978
5.04062 -1.11267
0.48746 -0.569754
-3.09836 -0.330087
3.32606 -0.430978
2.14601 -2.58259
-1.51175 2.49572
-1.22895 0.484255
0.0519742 0.671653
1.30375 1.95539
-2.99172 -1.60766
-1.16901 -1.33729
0.050599 0.128827
1.31942 -1.79998
-0.292414 -0.117431
-0.0603331 -0.36243
-0.795266 -0.316012
-0.955069 -3.96646
0.600147 -0.826681
0.776265 -7.3365
-0.0427367 -0.712912
0.958634 -0.322828
1.2604 -3.32852
3.3409 -4.94472
-2.46914 3.84784
-2.30779 -3.04
-5.05458 1.94594
-1.16964 -0.579104
-0.119344 -0.492738
-1.62684 -1.31777
0.721938 -0.122849
-0.515569 -1.19682
0.0656831 -0.592526
-0.209815 0.190944
0.896348 1.20576
0.210421 -1.0143
0.31903 1.9108
-0.00342868 0.317866
0.183912 0.731366
0.633722 -0.847711
0.0195496 0.0897277
0.214979 -0.182238
-0.4475 0.543926
0.043055 -0.107793
5.07017 -1.63628
-0.312638 -1.68766
-0.0171091 1.218
1.1759 1.12607
0.258881 -0.333455
-0.0172144 1.86054
-0.814199 0.12517
-4.71251 -0.573454
-1.15632 -2.45417
-0.469206 0.577044
-1.43029 -1.41156
0.756825 2.63281
3.04682 -1.79071
0.055423 0.395128
0.13361 4.12761
3.4603 2.25598
0.0878168 -0.0934898
-8.82659 1.75137
-5.53428 -2.64298
1.39486 -2.94214
-4.3364 -2.47589
-2.36918 -1.71771
0.561623 -1.50138
0.0811449 -0.82915
2.08774 -2.32231
1.08724 -5.52806
0.220323 -5.77829
0.00972687 -0.0141726
-0.833478 2.19156
-1.44732 0.998532
-1.64176 2.72094
-1.74886 5.82022
-3.35799 3.72305
-0.064226 -2.28959
-3.94749 -0.784835
0.834577 1.5317
5.28386 -2.16857
-3.57089 -1.57269
-2.02535 -1.3152
-0.205968 -1.00006
3.65346 -0.733297
-0.301469 -0.407895
0.154269 -0.730242
0.938772 1.59886
0.972219 0.142886
-0.371335 3.26683
1.20589 3.14445
-4.75027 -0.693026
1.72104 5.35475
0.0918447 0.284636
0.355198 0.760863
-0.667972 -3.61354
-1.35922 1.07152
-0.282863 3.46118
-0.771424 -0.446747
0.177201 0.88926
2.10951 -1.61404
0.0731709 0.0596543
0.357007 1.83002
1.71665 -0.878194
0.0150249 0.221788
0.0948297 -0.128642
-1.33983 2.9819
0.643195 1.83659
-1.4534 -3.3281
-3.83415 2.99765
0.794005 1.44403
2.4989 -5.07343
-1.62682 -1.55997
-3.00653 -4.18089
1.98596 -4.68536
1.01931 -0.361865
-1.68251 -3.33727
2.21609 -4.36747
-1.45543 1.2626
0.755813 1.52343
1.49032 -1.96748
3.69157 0.960157
2.5892 -0.151602
2.22159 -0.788201
-1.16089 -0.648136
0.0145377 -0.0283538
-0.507125 1.3319
-2.12453 -0.550622
0.987716 0.0415026
-2.35198 1.939
-2.90154 -4.26705
1.29364 -0.188351
3.80647 2.68749
-0.495377 0.640481
0.0590293 -0.0726671
-5.33791 1.93949
-0.709816 -0.0887249
-0.3836 0.677653
-2.22452 0.169029
0.319996 -0.392233
-0.0339117 0.215965
1.29127 0.325827
-1.24498 -2.06424
2.54963 1.09413
-0.131496 -1.36387
0.997467 2.25046
-3.91351 3.44129
-0.776912 1.39736
-0.549334 0.0683442
1.38884 -1.01938
3.33578 0.012793
-2.09491 -1.23151
2.01134 2.93546
3.89211 0.132898
-0.0261714 0.103866
1.27595 -1.51473
-0.247128 -0.263548
2.63315 -1.03028
-0.807174 3.11749
1.56614 -0.21914
-1.57245 2.95093
2.43478 -2.41259
-2.92637 -0.437255
3.02533 -2.3065
1.15649 -0.305061
-0.0916704 -2.53841
0.707015 0.0528358
0.610717 -1.15274
0.256568 -0.603695
-1.62894 -2.41442
-0.353145 -3.82396
-4.27425 -0.541762
2.05449 2.05854
-1.58926 -1.37709
4.78159 -2.15039
1.32649 -0.753827
1.86462 1.89427
4.19766 -1.40822
2.59438 -0.760478
2.8821 1.97011
-0.68202 1.36842
-2.45528 3.6634
0.3453 0.659077
1.185 -0.538669
-0.920574 0.982495
0.996204 -0.498356
-0.535206 0.75367
-0.92444 5.99984
-0.0871308 -2.39995
1.45952 3.75616
-0.728483 -0.457906
0.644539 -0.147469
7.12698 -2.16351
0.323012 -0.412945
-2.35296 -0.626225
1.87428 0.640799
-3.26553 1.38544
1.17014 0.799543
0.0803857 0.204435
-0.0718174 0.749403
-0.0761772 0.377189
-1.40345 -0.91941
-0.145541 2.73502
0.992402 1.22168
-2.82919 -0.588484
-0.679304 0.938553
1.64646 0.139563
-0.791518 0.0722172
1.27385 2.19938
-0.405212 3.57709
-0.438749 -2.41494
2.15155 0.571957
-4.32981 -3.06632
2.15705 -0.711697
-0.581689 -1.4367
0.204161 -0.200986
1.80186 -1.02764
0.496857 0.384711
0.0223061 -0.889503
-1.39343 -2.44623
-0.18129 -1.25825
-3.07195 -0.37621
2.5823 0.823548
-0.0478308 -2.2022
1.87786 -1.50182
-0.366851 -0.648645
-2.52733 3.99051
-1.05082 2.11753
-2.64099 -2.34759
-3.99289 -1.02669
0.237076 1.23669
-1.69799 -4.09641
-0.649016 -1.26912
0.0167355 -0.41988
-1.80266 0.232352
-0.136426 -0.0904618
0.00686939 -1.00206
-2.12707 0.502362
-0.48774 0.202528
2.93544 -0.845801
-0.0392577 -0.0410383
2.54117 3.00617
-3.57644 1.80158
0.29007 1.25042
-2.0317 -2.58866
1.64913 1.48557
-1.36728 2.19406
-1.26682 2.79501
-0.135595 -1.62088
0.219288 -0.05328
-2.88506 2.33879
1.48553 -5.0905
1.76914 3.38309
0.893624 -0.899167
-2.80778 -2.30934
1.69382 -1.00207
0.00214348 0.629762
-0.926518 0.452552
0.979008 -0.241051
-1.29678 -0.977111
-0.373686 4.12408
1.60731 3.55802
0.623519 -1.14697
0.0800127 0.651017
1.15493 3.99462
-0.117747 0.0816026
-0.553093 1.11617
1.63731 -5.02797
0.686667 1.15676
-1.16765 -0.745882
0.543479 0.687973
-1.95025 -1.36715
0.0656929 0.402484
0.12227 0.48232
0.633131 -0.771515
0.13373 0.063283
-2.31896 0.990671
-0.169912 -1.9988
-4.52057 1.52572
-0.709821 -0.290128
-5.68633 0.892049
2.88875 1.68665
1.1561 -3.78295
-1.88502 -1.56866
0.315427 -0.696463
0.0513018 0.955437
1.47887 -0.607943
1.26926 2.28961
-6.20298 2.26459
-3.05719 -0.282482
-1.88439 -0.221244
-3.98415 -0.940153
0.472328 0.159464
2.89382 1.47271
-2.96572 1.43102
0.141645 0.363912
-3.75569 -2.44293
0.465997 -0.134366
0.151932 0.696045
-0.9117 -0.587566
1.08047 1.82814
0.409212 -1.10751
1.52312 -4.24452
0.0260144 1.5459
0.189683 -0.341705
-2.16791 -0.117968
0.312677 0.128677
2.35704 -2.52964
-1.55722 1.87438
-0.46229 -2.2381
1.7988 4.27341
-2.76573 4.79746
-2.28587 -3.00753
0.900985 0.722548
-0.272845 -0.839237
-0.283742 1.44195
0.0641852 0.0568894
-0.471801 0.47101
-2.39284 0.75782
-0.845265 -0.716118
6.68457 2.10645
-0.753747 -2.89968
-2.97475 0.650967
-3.20094 2.58065
1.06212 -1.70547
1.11408 -0.0380408
0.196347 2.06764
-0.0795314 -0.514866
-1.13911 3.26567
-2.78988 -1.45672
-0.805276 0.73483
-0.135641 -0.155647
0.414185 1.04276
0.342497 0.62176
0.596747 0.297525
-0.0347872 3.28343
-0.115462 -0.28755
-3.58974 3.38066
0.414396 0.808989
2.2253 3.17796
3.42088 4.04843
0.115778 -0.424443
-2.57537 -2.32665
-1.63886 3.54332
-2.17074 0.00811684
-0.058812 -1.29186
-0.224598 0.264716
-2.19132 -1.94636
-2.23218 -0.949045
-1.61458 -1.29558
-0.978759 2.78364
0.0220291 -1.72099
-1.05893 -0.021222
-0.668207 1.25456
4.67627 -1.92759
-0.678118 0.794912
-0.0235856 0.642846
-0.343315 1.20081
0.483138 -0.243316
-1.92382 -1.48812
1.45414 -3.37648
-2.34288 2.06656
-0.454979 -0.241241
0.657154 0.48428
0.183092 1.62885
0.662152 1.31307
0.151189 -2.8991e-05
-0.791408 -0.983658
-0.0682857 1.8515
0.230288 0.302932
1.38394 1.96757
-0.0606821 2.37441
-0.181394 -0.391395
3.27376 -2.11741
0.39065 -1.73376
0.0981664 -0.376906
0.029279 0.0518044
-0.858348 -0.10228
-0.934105 -0.0124494
2.24377 0.420442
-0.15001 -3.20055
-3.18229 1.73611
-3.01891 0.407377
0.322201 4.48805
1.4337 0.421447
0.052802 0.399235
-1.01711 -1.65469
1.03198 -4.57597
-2.54628 -0.368989
2.30023 -0.797775
-1.6647 -0.365962
-0.0678924 -2.11623
-1.38636 -0.909357
-0.107311 -0.1521
-1.89166 -0.370068
-0.985972 0.679682
-1.61456 -1.11209
0.177526 0.296076
-1.27818 -0.742183
0.384119 -0.00397758
-0.210394 0.579138
-1.66109 -4.768
0.320858 -0.324338
-0.00272449 0.154003
0.337161 -0.157182
1.38637 -4.65105
-0.789475 -1.16245
2.46656 -2.22878
-2.13823 -2.70725
-0.770852 0.957356
-2.47835 -4.48182
1.05625 -0.539839
-2.05018 3.87425
2.26936 -3.05027
-0.101605 -2.58025
-0.563168 2.43936
-0.687402 -0.370238
-0.194742 0.367837
-0.0971222 1.84513
4.91304 -6.04576
2.83372 -1.77704
-6.85001 0.919003
-2.96705 1.17834
-1.00403 1.89997
0.289512 0.460143
-0.388322 1.63335
0.0379958 0.00900062
2.85737 -0.437873
-1.55425 -1.27086
-2.28041 -0.699663
-0.412407 -0.358181
2.91001 -3.97147
0.253732 -2.16379
1.44671 -1.29221
1.3983 5.34349
-3.18616 0.15255
1.78543 -1.69995
-1.67796 -2.57236
0.130731 0.132504
-0.387185 -0.775369
0.268168 0.165105
0.864587 0.0943737
0.96175 -0.89932
1.44194 1.83469
-0.0327379 0.0145235
0.0906369 0.0256457
-1.26479 -0.56226
0.279372 0.340302
-2.54175 -2.63976
-4.45979 -3.9035
-0.189161 -2.2202
1.93707 3.40747
1.73713 -0.697034
0.575931 2.07837
0.240072 2.94803
-4.18628 0.49639
0.453184 -0.615019
-2.06215 6.00433
0.328599 0.903164
-1.41767 -1.10969
2.13913 1.47674
2.9124 -0.375675
4.4753 4.31701
4.7288 -3.05465
-2.18787 1.78476
-1.9347 -0.694152
2.45031 1.19189
-0.691204 0.832631
-0.868113 4.15057
3.04223 1.99591
-1.23933 -1.80614
-0.155958 -1.15784
-0.274996 1.07741
-0.304694 2.5749
1.98472 0.376629
1.72515 2.00469
0.25925 -0.231831
3.21164 -0.539543
0.0340849 0.0051631
-1.84755 1.03569
3.1646 0.882327
-0.642179 -1.45376
-0.59172 0.376388
-0.864525 2.89325
2.63921 -0.90119
-0.295979 -1.06059
2.76619 3.50577
-1.90708 -0.279348
-0.175773 -0.0934582
3.35814 -0.97946
-0.737272 0.446256
-0.791769 2.85833
2.29696 3.5428
0.643481 1.1032
5.20251 0.771744
-0.423217 0.526231
-0.332025 0.220895
0.696806 -0.910435
-1.46109 2.67605
-0.0904162 -0.894674
-0.864033 -0.634567
2.44903 0.27065
1.46703 -0.45735
0.292775 -1.51936
2.47895 1.1725
3.05206 0.70755
-0.857192 1.53828
1.79297 -2.65589
-2.46009 -0.852954
-1.92787 0.275222
-0.526189 -0.074501
0.715534 0.517417
1.21971 0.608119
0.129271 -0.0637412
-0.1798 0.0102335
3.26957 0.411553
-0.977601 0.722311
2.37022 1.71949
-3.32768 -0.252209
-1.76748 -0.115567
0.00348685 -0.0815845
0.0196687 -0.0137347
-1.53371 -1.37707
-2.0844 -1.93751
-0.0242968 1.19239
-0.416431 1.55181
-0.725261 -1.79427
-1.42446 1.27454
-0.45924 -2.21476
-2.58784 -2.219
0.924453 0.313293
-2.65242 -1.72385
-7.04632 0.356333
0.669685 1.95908
0.949594 -2.1592
-2.65285 2.41147
-0.348276 0.292207
-1.18643 3.31124
-0.678909 0.432946
0.163468 -0.317472
-0.16826 -0.469601
-0.257908 1.54746
0.0195572 -0.0321265
2.60564 -0.238995
-0.801023 0.572828
0.162027 1.79391
0.40172 -0.390647
0.884075 -1.40453
2.15418 -3.6321
0.139323 -0.0643671
0.663804 -4.13678
1.13123 -0.864847
0.743538 1.87719
-0.690978 -0.538309
-0.328389 -0.00217249
-1.93064 2.5564
1.92555 1.33092
-2.45348 -0.897318
-2.47804 -0.404341
0.267665 0.553841
0.269327 0.0261623
2.81937 3.33009
-0.244521 0.725988
0.291457 -2.00517
-0.232013 -0.372628
1.37352 0.289684
-1.06559 2.49202
0.0268971 -0.369697
0.256326 0.371493
-1.40238 -4.37627
-0.920304 0.0939423
0.0511793 -0.000765534
-1.03444 1.31802
-1.53009 1.358
-0.304647 -0.509305
0.120575 3.74716
-3.35275 -1.73592
1.28982 3.94801
-0.876209 -0.626849
-5.25791 -0.918076
0.232017 0.0326008
-0.29401 -0.0154334
2.18878 -0.235943
-1.91384 -1.1938
-1.79014 4.36835
0.0311397 -0.0955637
-0.232146 0.0592169
1.61657 0.47251
0.405747 0.364799
1.17682 -2.24306
-0.837376 -1.55775
-4.8655 0.80444
-1.4669 0.526946
4.32316 -2.25573
1.36633 -1.35388
-5.27256 -0.182564
0.0393343 0.0849788
1.31894 1.24906
-2.29892 -1.51741
-1.98077 0.830522
-2.54009 -5.90269
0.190458 2.24306
0.407529 0.242047
-0.57417 -0.106962
6.08414 1.92237
4.67857 -1.21879
1.82656 -0.369166
-1.79986 3.28752
-5.05344 3.80315
-0.22506 -0.724731
-3.96916 -3.05324
-3.4132 -1.97578
-1.82975 2.8623
-0.440761 0.160052
0.132064 0.761296
0.917978 2.86558
-3.22688 -2.7381
1.95597 -1.372
4.43527 1.52969
6.66066 2.74408
3.12734 1.12105
0.42808 1.5849
-2.45574 0.137882
0.255762 -0.167868
-7.2805 1.70033
-6.45554 1.44124
-3.82299 -3.10764
-1.54761 0.00192893
1.68222 0.928862
2.40366 -2.21502
4.43443 2.14337
3.28418 3.78101
2.44948 4.82056
2.16948 -0.92067
-2.38165 -2.57332
-1.41624 -4.53289
2.10496 3.09495
1.65682 3.94459
-0.723268 -1.01643
0.748856 -0.918984
0.979001 0.287173
3.20294 1.94918
3.12028 -2.12854
0.398904 1.16914
0.712358 1.07241
1.29055 5.3938
-2.03605 -0.514378
0.986012 0.581801
-0.313753 0.152209
-0.274842 0.527173
0.122413 -4.31956
-0.341245 0.282868
-7.42145 0.995668
0.936901 2.89027
-3.10418 -1.12182
1.29752 0.0947131
-0.15411 0.39695
-0.521793 1.77979
1.04672 1.24842
-1.82628 1.74721
-0.166454 0.640352
-2.90551 1.49237
0.322343 1.56133
-0.935988 2.24467
-3.32788 4.86388
1.60098 -1.14884
0.338539 -0.129401
-1.81205 -1.50675
2.30876 -1.17218
-3.91463 2.70077
-0.0421813 -2.64214
1.81023 -1.29375
-0.943488 -1.3967
0.00665509 -0.0385395
-0.00675099 -0.308105
0.354627 -0.582796
-3.18802 1.67863
4.36863 0.577147
-0.428899 -0.883349
0.898911 1.35438
-7.20198 2.68422
-0.713522 0.461202
6.74034 -1.11375
0.257883 -0.24991
-0.400865 -2.62174
0.944544 2.22248
-0.17909 0.10422
-0.220286 0.0900383
-2.77685 4.31462
0.108147 0.0068942
0.644382 1.00482
0.708077 0.911326
0.701769 4.72611
-6.48423 -2.2454
0.975006 0.926546
1.67626 -1.7003
5.7195 -3.74455
3.31439 -2.1266
1.26147 -1.7147
-1.24255 -0.68376
1.01396 -0.505538
1.07923 2.09006
-2.71199 -0.887593
1.18593 0.742121
0.997777 0.522811
-0.673301 0.222937
0.0552767 0.0405394
0.678529 -3.57657
1.40077 -0.294029
-1.66867 0.218986
-0.155605 0.527382
-0.436237 -0.466655
0.959322 7.26412
2.76986 -0.450594
-3.73186 3.30574
-0.171041 1.15113
6.51872 -2.97532
3.98065 -3.89177
-0.185114 -1.33933
1.56612 0.361487
0.242995 -1.50694
-0.171017 -1.71857
0.687691 0.0904496
1.36883 0.767164
-5.89901 8.03297
0.729439 1.02116
1.30586 0.587276
-3.63394 0.275421
0.215397 -0.268512
-4.19659 -2.42388
-0.721195 1.48174
-1.28967 -2.95782
4.82223 2.0192
-2.11846 -0.453378
-4.56897 0.389496
-3.44951 -0.760406
-2.05784 2.5891
0.237086 2.10193
-0.333646 1.18068
0.0876617 -0.650332
-3.59654 -0.781978
0.730976 -0.397241
3.94396 -2.44806
1.48821 -0.792926
-4.46409 0.713472
2.0534 0.0764219
-0.0743045 4.95171
-3.20453 -3.00401
1.37089 -3.62448
-2.27264 1.36666
-0.662753 0.560619
-0.0130094 -0.004505
2.03742 -0.869703
-3.9566 -1.44104
-0.271214 3.09212
2.79521 5.5483
2.34615 -0.348949
0.169597 0.0554887
1.61816 -1.84074
0.0165827 0.30555
-1.05839 1.74955
5.84334 -1.78608
1.98184 0.950894
0.672433 3.37115
-1.82431 -2.13935
0.0835332 0.132034
1.6897 0.371628
0.000216234 0.00123664
0.503328 0.800318
0.643694 -3.06148
-0.670493 1.16459
-0.205994 -0.522848
2.65061 -2.29097
-0.419607 -0.487317
0.0878098 -2.57527
0.729164 0.584066
-0.076817 0.897539
-2.18489 -0.0106836
1.26321 -0.197547
1.24555 3.83491
0.756795 0.851958
-1.1998 0.234958
2.38545 2.53371
0.711799 -3.86099
0.113357 1.82363
-0.838781 -0.155924
2.03047 1.08936
2.06348 0.585141
-1.79487 4.51756
-3.15036 -0.625724
4.14146 -5.87361
-0.950725 2.09013
0.414867 2.45581
-0.122221 -2.09257
1.13771 0.380463
-0.110982 6.86913
-0.421479 -2.9253
2.98885 1.17144
-0.114658 1.04623
-1.27485 1.37215
2.37462 -0.411579
-4.19071 1.96691
0.550754 -0.210397
-0.880848 0.380905
1.34115 4.14276
-3.43437 -1.47342
1.8424 1.36757
-1.6727 1.484
-1.0738 2.24322
-2.00234 1.9746
0.301666 0.708676
0.110271 0.046522
-0.130931 -0.240683
0.0156765 1.74869
-1.12944 -3.17903
-1.08016 0.541522
-0.178889 -0.0966606
0.112834 0.0549925
4.19818 0.0523287
-0.0539056 -0.220893
-0.454293 0.772199
0.0629116 -2.78582
1.45776 1.01754
-1.88852 -1.29386
-0.141357 0.294433
0.894063 -1.10019
-1.45529 0.333702
-0.334598 -0.383951
-1.11706 -0.32616
-0.504883 0.457003
-2.41958 -0.453626
1.25145 1.22632
0.24936 -0.280066
-2.39669 -0.955025
1.12834 -1.97777
-6.01682 0.652678
-0.00362744 -0.00452104
-1.4656 0.711344
-3.96786 -2.14989
-0.173208 -3.82082
-0.461549 0.239757
-0.617702 -0.538773
-1.34755 2.67034
2.64714 -0.186086
-0.783005 -0.780195
0.474227 1.42103
2.02197 2.09149
-0.607484 0.83797
-2.67847 2.04408
2.27829 -0.725147
-0.723393 -0.775025
-0.203324 0.11209
2.6868 -3.09565
2.73768 -1.73442
0.0329155 -0.00534813
-9.10773 1.33231
-0.284119 1.29035
0.386293 1.20985
-9.1455 1.25912
-1.14096 3.642
0.672556 -5.46355
-3.04235 -3.50192
2.83655 -3.15768
-0.586834 0.237761
0.171493 -3.07278
-0.754452 -4.59187
-5.04788 -2.97787
3.2407 1.43209
-1.65242 4.08127
-0.411033 2.97811
-0.00764411 -0.00164361
0.446116 2.92333
0.989094 -2.52682
-1.81465 -0.381452
-5.94181 -4.06749
2.02341 -2.1319
-3.96021 -1.34591
-0.343181 -1.78002
-2.27736 -1.08866
-1.7838 1.97316
-0.483476 0.461125
-1.19566 0.941473
-0.314895 3.45315
-0.563277 -0.290957
-0.0608172 -0.0390302
-0.157144 -0.233401
0.444052 -2.98656
-0.298911 1.66521
0.0699641 -0.318474
0.55774 -1.78694
-1.40563 1.99312
-1.90745 -1.9123
-0.412816 -1.7528
0.719632 2.57964
0.458201 1.40342
-0.883178 3.83218
1.22059 -2.06251
-1.03862 -1.6316
-4.89662 0.714377
0.0204245 -0.552353
0.778702 -3.47462
-1.4916 -0.620042
3.34972 -2.07565
-0.0330381 -0.154845
-0.0190477 -0.00204404
-0.510231 0.97867
1.72792 -1.17291
0.850981 3.9094
-0.126438 -0.00843757
0.0904775 -0.199063
-0.117061 0.457535
1.37425 -2.46339
0.0568606 0.0949556
-1.1384 -0.681023
3.81551 0.192584
-0.512793 1.43724
0.344735 -3.80864
-0.0476744 0.135505
0.765003 0.408352
-0.817348 -2.90728
-1.33655 -1.64502
-4.18136 -0.275009
2.41219 1.50883
0.436605 0.133545
0.0327571 -4.77837
-0.90924 -0.982035
-1.85089 2.77196
-0.303478 0.0613663
0.719761 -3.72367
2.30675 -0.367542
0.266284 1.46967
0.0210892 0.643875
-0.137988 0.0634457
-1.70761 -1.6564
-0.50703 3.64782
0.307921 0.796521
-1.09377 -0.222045
1.70116 -2.30218
-3.4251 1.53207
1.7631 -0.238088
0.983298 0.539748
4.07427 -0.671616
0.500425 0.511118
0.579456 0.464332
0.470233 1.09014
2.25412 -1.27242
2.21222 2.03156
3.69025 -1.25613
3.83856 3.44984
-0.152782 0.306399
-0.339193 0.549687
-0.504132 -0.69681
0.00572411 -0.508087
-1.12801 -0.937231
0.881313 0.342109
-0.0722968 -0.0709406
1.58622 -0.0219012
2.68549 4.23575
1.50061 -5.24298
0.241602 -0.87644
-1.23068 0.962178
-1.98113 -5.58645
0.627494 -1.41941
-2.89983 -1.00169
0.977266 6.52975
0.354599 -3.12761
-1.2914 -0.443041
1.75637 -2.77145
-2.98123 -2.9197
1.18575 3.53057
4.85135 1.87571
0.124464 -0.215657
2.24864 6.82518
0.301177 -0.272353
1.88824 1.11075
-1.04465 0.383879
0.519053 0.175461
1.2211 0.809186
1.37965 -3.46377
2.79144 0.947796
-0.643082 0.775873
0.306472 -0.0487106
-0.437822 -3.98094
-1.39146 -0.560346
3.30453 1.75579
2.47827 -1.48353
-1.38336 2.22748
1.50728 0.0482838
-0.510716 0.290169
0.712588 1.50305
-1.10592 2.53243
-2.62595 0.812298
-1.75181 -1.51266
-1.21947 -0.0602622
-1.05465 1.29248
-2.03619 -1.11034
1.92293 -1.85207
-5.95638 2.06646
3.33782 -0.164623
2.68268 0.146238
-3.05768 -1.5117
0.129557 -0.067158
-2.3201 -3.96625
-0.0754129 0.551867
-3.09091 -2.37482
-5.65633 0.39054
-1.67656 -1.04445
0.784814 -0.31212
-1.29935 0.147505
-0.282783 0.303783
0.36929 -0.58247
0.015703 -0.0413731
1.27384 3.31783
0.663037 1.36925
-0.279437 -0.129718
0.027779 -2.17019
-3.197 5.20776
0.408079 -0.120894
1.44743 -3.14602
0.766121 -1.53754
6.18846 2.57038
-3.27258 -1.99113
-6.10169 7.56608
