0.25 0.00996
0.75 0.02928
1.25 0.04816
1.75 0.0652
2.25 0.0807
2.75 0.09356
3.25 0.10636
3.75 0.11246
4.25 0.11754
4.75 0.11964
5.25 0.12328
5.75 0.12036
6.25 0.11316
6.75 0.10764
7.25 0.102
7.75 0.0935
8.25 0.08512
8.75 0.07576
9.25 0.0663
9.75 0.05958
10.25 0.05016
10.75 0.04316
11.25 0.03546
11.75 0.0306
12.25 0.02468
12.75 0.0201
13.25 0.01634
13.75 0.01222
14.25 0.0096
14.75 0.00666
15.25 0.00556
15.75 0.00432
16.25 0.00326
16.75 0.00242
17.25 0.00182
17.75 0.0012
18.25 0.00098
18.75 0.00054
19.25 0.0004
19.75 0.00028
20.25 0.0001
20.75 0.00014
21.25 0.00014
21.75 8e-05
22.25 0.00012
22.75 6e-05
23.25 4e-05
