0 0
0.01 0.000399999
0.02 0.000799994
0.03 0.00119998
0.04 0.00159995
0.05 0.0019999
0.06 0.00239983
0.07 0.00279973
0.08 0.00319959
0.09 0.00359942
0.1 0.0039992
0.11 0.00439894
0.12 0.00479862
0.13 0.00519824
0.14 0.00559781
0.15 0.0059973
0.16 0.00639672
0.17 0.00679607
0.18 0.00719534
0.19 0.00759451
0.2 0.0079936
0.21 0.00839259
0.22 0.00879149
0.23 0.00919027
0.24 0.00958895
0.25 0.00998751
0.26 0.0103859
0.27 0.0107843
0.28 0.0111825
0.29 0.0115805
0.3 0.0119784
0.31 0.0123762
0.32 0.0127738
0.33 0.0131713
0.34 0.0135686
0.35 0.0139657
0.36 0.0143627
0.37 0.0147595
0.38 0.0151562
0.39 0.0155526
0.4 0.0159489
0.41 0.016345
0.42 0.0167408
0.43 0.0171365
0.44 0.017532
0.45 0.0179272
0.46 0.0183223
0.47 0.0187171
0.48 0.0191117
0.49 0.0195061
0.5 0.0199002
0.51 0.0202942
0.52 0.0206878
0.53 0.0210812
0.54 0.0214744
0.55 0.0218673
0.56 0.0222599
0.57 0.0226523
0.58 0.0230444
0.59 0.0234363
0.6 0.0238278
0.61 0.0242191
0.62 0.0246101
0.63 0.0250008
0.64 0.0253911
0.65 0.0257812
0.66 0.026171
0.67 0.0265605
0.68 0.0269496
0.69 0.0273384
0.7 0.0277269
0.71 0.0281151
0.72 0.0285029
0.73 0.0288904
0.74 0.0292776
0.75 0.0296644
0.76 0.0300508
0.77 0.0304369
0.78 0.0308227
0.79 0.031208
0.8 0.031593
0.81 0.0319776
0.82 0.0323619
0.83 0.0327457
0.84 0.0331292
0.85 0.0335122
0.86 0.0338949
0.87 0.0342772
0.88 0.034659
0.89 0.0350405
0.9 0.0354215
0.91 0.0358021
0.92 0.0361823
0.93 0.036562
0.94 0.0369414
0.95 0.0373203
0.96 0.0376987
0.97 0.0380767
0.98 0.0384542
0.99 0.0388313
1 0.0392079
1.01 0.0395841
1.02 0.0399598
1.03 0.040335
1.04 0.0407098
1.05 0.041084
1.06 0.0414578
1.07 0.0418311
1.08 0.0422039
1.09 0.0425762
1.1 0.042948
1.11 0.0433193
1.12 0.04369
1.13 0.0440603
1.14 0.04443
1.15 0.0447992
1.16 0.0451679
1.17 0.0455361
1.18 0.0459037
1.19 0.0462708
1.2 0.0466373
1.21 0.0470033
1.22 0.0473687
1.23 0.0477336
1.24 0.0480979
1.25 0.0484617
1.26 0.0488248
1.27 0.0491874
1.28 0.0495495
1.29 0.0499109
1.3 0.0502718
1.31 0.050632
1.32 0.0509917
1.33 0.0513508
1.34 0.0517093
1.35 0.0520671
1.36 0.0524244
1.37 0.052781
1.38 0.0531371
1.39 0.0534925
1.4 0.0538473
1.41 0.0542014
1.42 0.0545549
1.43 0.0549078
1.44 0.0552601
1.45 0.0556117
1.46 0.0559626
1.47 0.0563129
1.48 0.0566626
1.49 0.0570115
1.5 0.0573598
1.51 0.0577075
1.52 0.0580545
1.53 0.0584008
1.54 0.0587464
1.55 0.0590913
1.56 0.0594356
1.57 0.0597792
1.58 0.060122
1.59 0.0604642
1.6 0.0608057
1.61 0.0611464
1.62 0.0614865
1.63 0.0618258
1.64 0.0621645
1.65 0.0625024
1.66 0.0628396
1.67 0.063176
1.68 0.0635118
1.69 0.0638468
1.7 0.064181
1.71 0.0645146
1.72 0.0648473
1.73 0.0651794
1.74 0.0655106
1.75 0.0658412
1.76 0.0661709
1.77 0.0664999
1.78 0.0668282
1.79 0.0671557
1.8 0.0674824
1.81 0.0678083
1.82 0.0681334
1.83 0.0684578
1.84 0.0687814
1.85 0.0691042
1.86 0.0694262
1.87 0.0697474
1.88 0.0700678
1.89 0.0703874
1.9 0.0707062
1.91 0.0710242
1.92 0.0713414
1.93 0.0716578
1.94 0.0719733
1.95 0.072288
1.96 0.072602
1.97 0.072915
1.98 0.0732273
1.99 0.0735387
2 0.0738493
2.01 0.0741591
2.02 0.074468
2.03 0.074776
2.04 0.0750832
2.05 0.0753896
2.06 0.0756951
2.07 0.0759998
2.08 0.0763035
2.09 0.0766065
2.1 0.0769085
2.11 0.0772097
2.12 0.07751
2.13 0.0778095
2.14 0.0781081
2.15 0.0784058
2.16 0.0787026
2.17 0.0789985
2.18 0.0792935
2.19 0.0795877
2.2 0.0798809
2.21 0.0801733
2.22 0.0804647
2.23 0.0807553
2.24 0.0810449
2.25 0.0813336
2.26 0.0816215
2.27 0.0819084
2.28 0.0821944
2.29 0.0824795
2.3 0.0827636
2.31 0.0830469
2.32 0.0833292
2.33 0.0836106
2.34 0.083891
2.35 0.0841705
2.36 0.0844491
2.37 0.0847268
2.38 0.0850035
2.39 0.0852792
2.4 0.085554
2.41 0.0858279
2.42 0.0861008
2.43 0.0863728
2.44 0.0866438
2.45 0.0869139
2.46 0.087183
2.47 0.0874511
2.48 0.0877183
2.49 0.0879845
2.5 0.0882497
2.51 0.088514
2.52 0.0887772
2.53 0.0890396
2.54 0.0893009
2.55 0.0895613
2.56 0.0898206
2.57 0.090079
2.58 0.0903364
2.59 0.0905929
2.6 0.0908483
2.61 0.0911027
2.62 0.0913562
2.63 0.0916086
2.64 0.0918601
2.65 0.0921105
2.66 0.09236
2.67 0.0926084
2.68 0.0928558
2.69 0.0931023
2.7 0.0933477
2.71 0.0935921
2.72 0.0938355
2.73 0.0940779
2.74 0.0943193
2.75 0.0945596
2.76 0.0947989
2.77 0.0950372
2.78 0.0952745
2.79 0.0955108
2.8 0.095746
2.81 0.0959802
2.82 0.0962134
2.83 0.0964455
2.84 0.0966766
2.85 0.0969067
2.86 0.0971357
2.87 0.0973637
2.88 0.0975907
2.89 0.0978166
2.9 0.0980414
2.91 0.0982653
2.92 0.098488
2.93 0.0987098
2.94 0.0989304
2.95 0.0991501
2.96 0.0993687
2.97 0.0995862
2.98 0.0998027
2.99 0.100018
3 0.100232
3.01 0.100446
3.02 0.100658
3.03 0.100869
3.04 0.101079
3.05 0.101288
3.06 0.101496
3.07 0.101703
3.08 0.101909
3.09 0.102114
3.1 0.102318
3.11 0.10252
3.12 0.102722
3.13 0.102922
3.14 0.103122
3.15 0.10332
3.16 0.103517
3.17 0.103714
3.18 0.103909
3.19 0.104103
3.2 0.104296
3.21 0.104488
3.22 0.104678
3.23 0.104868
3.24 0.105057
3.25 0.105244
3.26 0.105431
3.27 0.105616
3.28 0.1058
3.29 0.105984
3.3 0.106166
3.31 0.106347
3.32 0.106527
3.33 0.106706
3.34 0.106883
3.35 0.10706
3.36 0.107236
3.37 0.10741
3.38 0.107583
3.39 0.107756
3.4 0.107927
3.41 0.108097
3.42 0.108266
3.43 0.108434
3.44 0.108601
3.45 0.108767
3.46 0.108931
3.47 0.109095
3.48 0.109257
3.49 0.109418
3.5 0.109579
3.51 0.109738
3.52 0.109896
3.53 0.110053
3.54 0.110209
3.55 0.110363
3.56 0.110517
3.57 0.110669
3.58 0.110821
3.59 0.110971
3.6 0.11112
3.61 0.111268
3.62 0.111415
3.63 0.111561
3.64 0.111706
3.65 0.11185
3.66 0.111992
3.67 0.112134
3.68 0.112274
3.69 0.112413
3.7 0.112552
3.71 0.112689
3.72 0.112825
3.73 0.11296
3.74 0.113093
3.75 0.113226
3.76 0.113357
3.77 0.113488
3.78 0.113617
3.79 0.113745
3.8 0.113873
3.81 0.113999
3.82 0.114124
3.83 0.114247
3.84 0.11437
3.85 0.114492
3.86 0.114612
3.87 0.114732
3.88 0.11485
3.89 0.114967
3.9 0.115083
3.91 0.115198
3.92 0.115312
3.93 0.115425
3.94 0.115537
3.95 0.115647
3.96 0.115757
3.97 0.115865
3.98 0.115973
3.99 0.116079
4 0.116184
4.01 0.116288
4.02 0.116391
4.03 0.116493
4.04 0.116593
4.05 0.116693
4.06 0.116792
4.07 0.116889
4.08 0.116985
4.09 0.117081
4.1 0.117175
4.11 0.117268
4.12 0.11736
4.13 0.117451
4.14 0.117541
4.15 0.117629
4.16 0.117717
4.17 0.117803
4.18 0.117889
4.19 0.117973
4.2 0.118057
4.21 0.118139
4.22 0.11822
4.23 0.1183
4.24 0.118379
4.25 0.118457
4.26 0.118534
4.27 0.118609
4.28 0.118684
4.29 0.118758
4.3 0.11883
4.31 0.118901
4.32 0.118972
4.33 0.119041
4.34 0.119109
4.35 0.119176
4.36 0.119243
4.37 0.119308
4.38 0.119371
4.39 0.119434
4.4 0.119496
4.41 0.119557
4.42 0.119617
4.43 0.119675
4.44 0.119733
4.45 0.119789
4.46 0.119845
4.47 0.119899
4.48 0.119952
4.49 0.120005
4.5 0.120056
4.51 0.120106
4.52 0.120155
4.53 0.120203
4.54 0.12025
4.55 0.120296
4.56 0.120341
4.57 0.120385
4.58 0.120428
4.59 0.12047
4.6 0.12051
4.61 0.12055
4.62 0.120589
4.63 0.120626
4.64 0.120663
4.65 0.120699
4.66 0.120733
4.67 0.120767
4.68 0.120799
4.69 0.120831
4.7 0.120861
4.71 0.120891
4.72 0.120919
4.73 0.120946
4.74 0.120973
4.75 0.120998
4.76 0.121022
4.77 0.121046
4.78 0.121068
4.79 0.121089
4.8 0.12111
4.81 0.121129
4.82 0.121147
4.83 0.121164
4.84 0.121181
4.85 0.121196
4.86 0.12121
4.87 0.121223
4.88 0.121236
4.89 0.121247
4.9 0.121257
4.91 0.121267
4.92 0.121275
4.93 0.121282
4.94 0.121289
4.95 0.121294
4.96 0.121298
4.97 0.121302
4.98 0.121304
4.99 0.121306
5 0.121306
5.01 0.121306
5.02 0.121304
5.03 0.121302
5.04 0.121298
5.05 0.121294
5.06 0.121289
5.07 0.121282
5.08 0.121275
5.09 0.121267
5.1 0.121258
5.11 0.121248
5.12 0.121237
5.13 0.121225
5.14 0.121212
5.15 0.121198
5.16 0.121183
5.17 0.121168
5.18 0.121151
5.19 0.121133
5.2 0.121115
5.21 0.121095
5.22 0.121075
5.23 0.121054
5.24 0.121031
5.25 0.121008
5.26 0.120984
5.27 0.120959
5.28 0.120933
5.29 0.120906
5.3 0.120879
5.31 0.12085
5.32 0.12082
5.33 0.12079
5.34 0.120759
5.35 0.120726
5.36 0.120693
5.37 0.120659
5.38 0.120624
5.39 0.120588
5.4 0.120552
5.41 0.120514
5.42 0.120476
5.43 0.120436
5.44 0.120396
5.45 0.120355
5.46 0.120313
5.47 0.12027
5.48 0.120226
5.49 0.120182
5.5 0.120136
5.51 0.12009
5.52 0.120043
5.53 0.119995
5.54 0.119946
5.55 0.119896
5.56 0.119846
5.57 0.119794
5.58 0.119742
5.59 0.119689
5.6 0.119635
5.61 0.11958
5.62 0.119525
5.63 0.119468
5.64 0.119411
5.65 0.119353
5.66 0.119294
5.67 0.119234
5.68 0.119174
5.69 0.119112
5.7 0.11905
5.71 0.118987
5.72 0.118923
5.73 0.118859
5.74 0.118793
5.75 0.118727
5.76 0.11866
5.77 0.118593
5.78 0.118524
5.79 0.118455
5.8 0.118384
5.81 0.118314
5.82 0.118242
5.83 0.118169
5.84 0.118096
5.85 0.118022
5.86 0.117947
5.87 0.117872
5.88 0.117795
5.89 0.117718
5.9 0.11764
5.91 0.117562
5.92 0.117482
5.93 0.117402
5.94 0.117321
5.95 0.11724
5.96 0.117157
5.97 0.117074
5.98 0.11699
5.99 0.116906
6 0.116821
6.01 0.116735
6.02 0.116648
6.03 0.11656
6.04 0.116472
6.05 0.116383
6.06 0.116294
6.07 0.116203
6.08 0.116112
6.09 0.11602
6.1 0.115928
6.11 0.115835
6.12 0.115741
6.13 0.115646
6.14 0.115551
6.15 0.115455
6.16 0.115358
6.17 0.115261
6.18 0.115163
6.19 0.115064
6.2 0.114965
6.21 0.114865
6.22 0.114764
6.23 0.114663
6.24 0.114561
6.25 0.114458
6.26 0.114355
6.27 0.114251
6.28 0.114146
6.29 0.114041
6.3 0.113935
6.31 0.113829
6.32 0.113721
6.33 0.113613
6.34 0.113505
6.35 0.113396
6.36 0.113286
6.37 0.113176
6.38 0.113065
6.39 0.112953
6.4 0.112841
6.41 0.112728
6.42 0.112614
6.43 0.1125
6.44 0.112386
6.45 0.11227
6.46 0.112154
6.47 0.112038
6.48 0.111921
6.49 0.111803
6.5 0.111685
6.51 0.111566
6.52 0.111447
6.53 0.111327
6.54 0.111206
6.55 0.111085
6.56 0.110963
6.57 0.110841
6.58 0.110718
6.59 0.110595
6.6 0.110471
6.61 0.110346
6.62 0.110221
6.63 0.110095
6.64 0.109969
6.65 0.109842
6.66 0.109715
6.67 0.109587
6.68 0.109459
6.69 0.10933
6.7 0.109201
6.71 0.109071
6.72 0.10894
6.73 0.108809
6.74 0.108678
6.75 0.108546
6.76 0.108413
6.77 0.10828
6.78 0.108147
6.79 0.108013
6.8 0.107878
6.81 0.107743
6.82 0.107608
6.83 0.107472
6.84 0.107335
6.85 0.107198
6.86 0.107061
6.87 0.106923
6.88 0.106784
6.89 0.106645
6.9 0.106506
6.91 0.106366
6.92 0.106226
6.93 0.106085
6.94 0.105944
6.95 0.105802
6.96 0.10566
6.97 0.105517
6.98 0.105374
6.99 0.105231
7 0.105087
7.01 0.104943
7.02 0.104798
7.03 0.104653
7.04 0.104507
7.05 0.104361
7.06 0.104215
7.07 0.104068
7.08 0.10392
7.09 0.103773
7.1 0.103625
7.11 0.103476
7.12 0.103327
7.13 0.103178
7.14 0.103028
7.15 0.102878
7.16 0.102727
7.17 0.102576
7.18 0.102425
7.19 0.102273
7.2 0.102121
7.21 0.101969
7.22 0.101816
7.23 0.101663
7.24 0.101509
7.25 0.101355
7.26 0.101201
7.27 0.101046
7.28 0.100891
7.29 0.100736
7.3 0.10058
7.31 0.100424
7.32 0.100268
7.33 0.100111
7.34 0.0999536
7.35 0.0997962
7.36 0.0996384
7.37 0.0994803
7.38 0.0993218
7.39 0.099163
7.4 0.0990039
7.41 0.0988445
7.42 0.0986848
7.43 0.0985247
7.44 0.0983643
7.45 0.0982037
7.46 0.0980427
7.47 0.0978814
7.48 0.0977198
7.49 0.0975579
7.5 0.0973957
7.51 0.0972333
7.52 0.0970705
7.53 0.0969075
7.54 0.0967441
7.55 0.0965805
7.56 0.0964166
7.57 0.0962525
7.58 0.096088
7.59 0.0959233
7.6 0.0957583
7.61 0.0955931
7.62 0.0954276
7.63 0.0952618
7.64 0.0950958
7.65 0.0949296
7.66 0.094763
7.67 0.0945963
7.68 0.0944293
7.69 0.094262
7.7 0.0940945
7.71 0.0939268
7.72 0.0937588
7.73 0.0935906
7.74 0.0934222
7.75 0.0932536
7.76 0.0930847
7.77 0.0929156
7.78 0.0927463
7.79 0.0925768
7.8 0.092407
7.81 0.0922371
7.82 0.0920669
7.83 0.0918966
7.84 0.091726
7.85 0.0915553
7.86 0.0913843
7.87 0.0912132
7.88 0.0910419
7.89 0.0908703
7.9 0.0906986
7.91 0.0905267
7.92 0.0903547
7.93 0.0901824
7.94 0.09001
7.95 0.0898374
7.96 0.0896646
7.97 0.0894917
7.98 0.0893186
7.99 0.0891454
8 0.0889719
8.01 0.0887984
8.02 0.0886246
8.03 0.0884508
8.04 0.0882767
8.05 0.0881026
8.06 0.0879282
8.07 0.0877538
8.08 0.0875792
8.09 0.0874044
8.1 0.0872296
8.11 0.0870546
8.12 0.0868795
8.13 0.0867042
8.14 0.0865288
8.15 0.0863533
8.16 0.0861777
8.17 0.086002
8.18 0.0858261
8.19 0.0856502
8.2 0.0854741
8.21 0.0852979
8.22 0.0851217
8.23 0.0849453
8.24 0.0847688
8.25 0.0845922
8.26 0.0844156
8.27 0.0842388
8.28 0.084062
8.29 0.0838851
8.3 0.083708
8.31 0.0835309
8.32 0.0833538
8.33 0.0831765
8.34 0.0829992
8.35 0.0828218
8.36 0.0826443
8.37 0.0824668
8.38 0.0822892
8.39 0.0821115
8.4 0.0819338
8.41 0.081756
8.42 0.0815781
8.43 0.0814002
8.44 0.0812223
8.45 0.0810443
8.46 0.0808663
8.47 0.0806882
8.48 0.08051
8.49 0.0803319
8.5 0.0801537
8.51 0.0799754
8.52 0.0797972
8.53 0.0796188
8.54 0.0794405
8.55 0.0792622
8.56 0.0790838
8.57 0.0789054
8.58 0.0787269
8.59 0.0785485
8.6 0.07837
8.61 0.0781916
8.62 0.0780131
8.63 0.0778346
8.64 0.0776561
8.65 0.0774776
8.66 0.0772991
8.67 0.0771206
8.68 0.0769421
8.69 0.0767636
8.7 0.0765851
8.71 0.0764066
8.72 0.0762281
8.73 0.0760497
8.74 0.0758712
8.75 0.0756928
8.76 0.0755144
8.77 0.075336
8.78 0.0751576
8.79 0.0749793
8.8 0.074801
8.81 0.0746227
8.82 0.0744445
8.83 0.0742662
8.84 0.0740881
8.85 0.0739099
8.86 0.0737318
8.87 0.0735537
8.88 0.0733757
8.89 0.0731977
8.9 0.0730198
8.91 0.0728419
8.92 0.0726641
8.93 0.0724863
8.94 0.0723086
8.95 0.0721309
8.96 0.0719533
8.97 0.0717758
8.98 0.0715983
8.99 0.0714209
9 0.0712435
9.01 0.0710662
9.02 0.070889
9.03 0.0707119
9.04 0.0705348
9.05 0.0703578
9.06 0.0701809
9.07 0.0700041
9.08 0.0698273
9.09 0.0696507
9.1 0.0694741
9.11 0.0692976
9.12 0.0691212
9.13 0.0689449
9.14 0.0687686
9.15 0.0685925
9.16 0.0684165
9.17 0.0682405
9.18 0.0680647
9.19 0.067889
9.2 0.0677133
9.21 0.0675378
9.22 0.0673624
9.23 0.067187
9.24 0.0670118
9.25 0.0668367
9.26 0.0666618
9.27 0.0664869
9.28 0.0663121
9.29 0.0661375
9.3 0.065963
9.31 0.0657886
9.32 0.0656143
9.33 0.0654402
9.34 0.0652662
9.35 0.0650923
9.36 0.0649185
9.37 0.0647449
9.38 0.0645714
9.39 0.064398
9.4 0.0642248
9.41 0.0640517
9.42 0.0638787
9.43 0.0637059
9.44 0.0635333
9.45 0.0633607
9.46 0.0631883
9.47 0.0630161
9.48 0.062844
9.49 0.0626721
9.5 0.0625003
9.51 0.0623287
9.52 0.0621572
9.53 0.0619859
9.54 0.0618147
9.55 0.0616437
9.56 0.0614728
9.57 0.0613021
9.58 0.0611316
9.59 0.0609612
9.6 0.060791
9.61 0.060621
9.62 0.0604512
9.63 0.0602815
9.64 0.0601119
9.65 0.0599426
9.66 0.0597734
9.67 0.0596044
9.68 0.0594356
9.69 0.059267
9.7 0.0590985
9.71 0.0589302
9.72 0.0587621
9.73 0.0585942
9.74 0.0584264
9.75 0.0582589
9.76 0.0580915
9.77 0.0579244
9.78 0.0577574
9.79 0.0575906
9.8 0.057424
9.81 0.0572576
9.82 0.0570913
9.83 0.0569253
9.84 0.0567595
9.85 0.0565939
9.86 0.0564285
9.87 0.0562632
9.88 0.0560982
9.89 0.0559334
9.9 0.0557688
9.91 0.0556044
9.92 0.0554402
9.93 0.0552762
9.94 0.0551124
9.95 0.0549488
9.96 0.0547854
9.97 0.0546223
9.98 0.0544593
9.99 0.0542966
10 0.0541341
10.01 0.0539718
10.02 0.0538097
10.03 0.0536479
10.04 0.0534862
10.05 0.0533248
10.06 0.0531636
10.07 0.0530027
10.08 0.0528419
10.09 0.0526814
10.1 0.0525211
10.11 0.052361
10.12 0.0522012
10.13 0.0520416
10.14 0.0518822
10.15 0.051723
10.16 0.0515641
10.17 0.0514054
10.18 0.051247
10.19 0.0510887
10.2 0.0509308
10.21 0.050773
10.22 0.0506155
10.23 0.0504582
10.24 0.0503012
10.25 0.0501444
10.26 0.0499879
10.27 0.0498316
10.28 0.0496755
10.29 0.0495197
10.3 0.0493641
10.31 0.0492088
10.32 0.0490537
10.33 0.0488988
10.34 0.0487443
10.35 0.0485899
10.36 0.0484358
10.37 0.048282
10.38 0.0481284
10.39 0.0479751
10.4 0.047822
10.41 0.0476691
10.42 0.0475166
10.43 0.0473642
10.44 0.0472122
10.45 0.0470604
10.46 0.0469088
10.47 0.0467575
10.48 0.0466065
10.49 0.0464557
10.5 0.0463052
10.51 0.046155
10.52 0.046005
10.53 0.0458553
10.54 0.0457058
10.55 0.0455566
10.56 0.0454077
10.57 0.045259
10.58 0.0451106
10.59 0.0449624
10.6 0.0448146
10.61 0.044667
10.62 0.0445196
10.63 0.0443726
10.64 0.0442258
10.65 0.0440793
10.66 0.043933
10.67 0.043787
10.68 0.0436413
10.69 0.0434959
10.7 0.0433507
10.71 0.0432058
10.72 0.0430612
10.73 0.0429169
10.74 0.0427728
10.75 0.042629
10.76 0.0424855
10.77 0.0423423
10.78 0.0421993
10.79 0.0420566
10.8 0.0419142
10.81 0.0417721
10.82 0.0416303
10.83 0.0414887
10.84 0.0413474
10.85 0.0412064
10.86 0.0410657
10.87 0.0409253
10.88 0.0407851
10.89 0.0406453
10.9 0.0405057
10.91 0.0403664
10.92 0.0402274
10.93 0.0400886
10.94 0.0399502
10.95 0.039812
10.96 0.0396741
10.97 0.0395366
10.98 0.0393993
10.99 0.0392622
11 0.0391255
11.01 0.0389891
11.02 0.0388529
11.03 0.0387171
11.04 0.0385815
11.05 0.0384462
11.06 0.0383112
11.07 0.0381765
11.08 0.0380421
11.09 0.037908
11.1 0.0377741
11.11 0.0376406
11.12 0.0375073
11.13 0.0373744
11.14 0.0372417
11.15 0.0371093
11.16 0.0369773
11.17 0.0368455
11.18 0.036714
11.19 0.0365828
11.2 0.0364519
11.21 0.0363213
11.22 0.036191
11.23 0.0360609
11.24 0.0359312
11.25 0.0358018
11.26 0.0356726
11.27 0.0355438
11.28 0.0354153
11.29 0.035287
11.3 0.0351591
11.31 0.0350314
11.32 0.034904
11.33 0.034777
11.34 0.0346502
11.35 0.0345237
11.36 0.0343976
11.37 0.0342717
11.38 0.0341461
11.39 0.0340208
11.4 0.0338959
11.41 0.0337712
11.42 0.0336468
11.43 0.0335227
11.44 0.0333989
11.45 0.0332754
11.46 0.0331522
11.47 0.0330293
11.48 0.0329068
11.49 0.0327845
11.5 0.0326625
11.51 0.0325408
11.52 0.0324194
11.53 0.0322983
11.54 0.0321775
11.55 0.032057
11.56 0.0319368
11.57 0.0318169
11.58 0.0316973
11.59 0.031578
11.6 0.031459
11.61 0.0313403
11.62 0.0312219
11.63 0.0311038
11.64 0.030986
11.65 0.0308685
11.66 0.0307513
11.67 0.0306344
11.68 0.0305178
11.69 0.0304015
11.7 0.0302855
11.71 0.0301698
11.72 0.0300544
11.73 0.0299393
11.74 0.0298245
11.75 0.02971
11.76 0.0295958
11.77 0.0294819
11.78 0.0293683
11.79 0.029255
11.8 0.029142
11.81 0.0290293
11.82 0.0289168
11.83 0.0288047
11.84 0.0286929
11.85 0.0285814
11.86 0.0284702
11.87 0.0283593
11.88 0.0282487
11.89 0.0281384
11.9 0.0280284
11.91 0.0279187
11.92 0.0278093
11.93 0.0277001
11.94 0.0275913
11.95 0.0274828
11.96 0.0273746
11.97 0.0272667
11.98 0.027159
11.99 0.0270517
12 0.0269447
12.01 0.026838
12.02 0.0267315
12.03 0.0266254
12.04 0.0265195
12.05 0.026414
12.06 0.0263088
12.07 0.0262038
12.08 0.0260991
12.09 0.0259948
12.1 0.0258907
12.11 0.025787
12.12 0.0256835
12.13 0.0255803
12.14 0.0254774
12.15 0.0253749
12.16 0.0252726
12.17 0.0251706
12.18 0.0250689
12.19 0.0249675
12.2 0.0248663
12.21 0.0247655
12.22 0.024665
12.23 0.0245648
12.24 0.0244648
12.25 0.0243652
12.26 0.0242658
12.27 0.0241668
12.28 0.024068
12.29 0.0239695
12.3 0.0238713
12.31 0.0237734
12.32 0.0236758
12.33 0.0235785
12.34 0.0234815
12.35 0.0233848
12.36 0.0232883
12.37 0.0231922
12.38 0.0230963
12.39 0.0230008
12.4 0.0229055
12.41 0.0228105
12.42 0.0227158
12.43 0.0226214
12.44 0.0225272
12.45 0.0224334
12.46 0.0223398
12.47 0.0222466
12.48 0.0221536
12.49 0.0220609
12.5 0.0219685
12.51 0.0218763
12.52 0.0217845
12.53 0.0216929
12.54 0.0216017
12.55 0.0215107
12.56 0.02142
12.57 0.0213296
12.58 0.0212394
12.59 0.0211496
12.6 0.02106
12.61 0.0209707
12.62 0.0208817
12.63 0.020793
12.64 0.0207046
12.65 0.0206164
12.66 0.0205285
12.67 0.0204409
12.68 0.0203536
12.69 0.0202665
12.7 0.0201798
12.71 0.0200933
12.72 0.0200071
12.73 0.0199212
12.74 0.0198355
12.75 0.0197501
12.76 0.019665
12.77 0.0195802
12.78 0.0194957
12.79 0.0194114
12.8 0.0193274
12.81 0.0192437
12.82 0.0191603
12.83 0.0190771
12.84 0.0189942
12.85 0.0189116
12.86 0.0188292
12.87 0.0187471
12.88 0.0186653
12.89 0.0185838
12.9 0.0185025
12.91 0.0184215
12.92 0.0183408
12.93 0.0182603
12.94 0.0181802
12.95 0.0181002
12.96 0.0180206
12.97 0.0179412
12.98 0.0178621
12.99 0.0177833
13 0.0177047
13.01 0.0176264
13.02 0.0175483
13.03 0.0174705
13.04 0.017393
13.05 0.0173158
13.06 0.0172388
13.07 0.0171621
13.08 0.0170856
13.09 0.0170094
13.1 0.0169335
13.11 0.0168578
13.12 0.0167824
13.13 0.0167072
13.14 0.0166323
13.15 0.0165577
13.16 0.0164833
13.17 0.0164092
13.18 0.0163354
13.19 0.0162618
13.2 0.0161884
13.21 0.0161153
13.22 0.0160425
13.23 0.0159699
13.24 0.0158976
13.25 0.0158256
13.26 0.0157538
13.27 0.0156822
13.28 0.0156109
13.29 0.0155399
13.3 0.0154691
13.31 0.0153985
13.32 0.0153283
13.33 0.0152582
13.34 0.0151884
13.35 0.0151189
13.36 0.0150496
13.37 0.0149806
13.38 0.0149118
13.39 0.0148433
13.4 0.014775
13.41 0.0147069
13.42 0.0146391
13.43 0.0145716
13.44 0.0145043
13.45 0.0144372
13.46 0.0143704
13.47 0.0143038
13.48 0.0142375
13.49 0.0141714
13.5 0.0141056
13.51 0.01404
13.52 0.0139746
13.53 0.0139095
13.54 0.0138446
13.55 0.01378
13.56 0.0137156
13.57 0.0136514
13.58 0.0135875
13.59 0.0135238
13.6 0.0134604
13.61 0.0133972
13.62 0.0133342
13.63 0.0132714
13.64 0.0132089
13.65 0.0131467
13.66 0.0130846
13.67 0.0130228
13.68 0.0129613
13.69 0.0128999
13.7 0.0128388
13.71 0.012778
13.72 0.0127173
13.73 0.0126569
13.74 0.0125967
13.75 0.0125368
13.76 0.0124771
13.77 0.0124176
13.78 0.0123583
13.79 0.0122993
13.8 0.0122405
13.81 0.0121819
13.82 0.0121235
13.83 0.0120654
13.84 0.0120075
13.85 0.0119498
13.86 0.0118923
13.87 0.0118351
13.88 0.0117781
13.89 0.0117213
13.9 0.0116647
13.91 0.0116084
13.92 0.0115522
13.93 0.0114963
13.94 0.0114406
13.95 0.0113851
13.96 0.0113299
13.97 0.0112748
13.98 0.01122
13.99 0.0111654
14 0.011111
14.01 0.0110568
14.02 0.0110029
14.03 0.0109491
14.04 0.0108956
14.05 0.0108423
14.06 0.0107892
14.07 0.0107363
14.08 0.0106836
14.09 0.0106311
14.1 0.0105788
14.11 0.0105268
14.12 0.0104749
14.13 0.0104233
14.14 0.0103718
14.15 0.0103206
14.16 0.0102696
14.17 0.0102188
14.18 0.0101682
14.19 0.0101178
14.2 0.0100676
14.21 0.0100176
14.22 0.00996781
14.23 0.00991822
14.24 0.00986884
14.25 0.00981966
14.26 0.00977068
14.27 0.0097219
14.28 0.00967332
14.29 0.00962494
14.3 0.00957676
14.31 0.00952877
14.32 0.00948099
14.33 0.0094334
14.34 0.00938601
14.35 0.00933882
14.36 0.00929182
14.37 0.00924501
14.38 0.0091984
14.39 0.00915199
14.4 0.00910576
14.41 0.00905973
14.42 0.0090139
14.43 0.00896825
14.44 0.0089228
14.45 0.00887753
14.46 0.00883246
14.47 0.00878758
14.48 0.00874288
14.49 0.00869837
14.5 0.00865406
14.51 0.00860992
14.52 0.00856598
14.53 0.00852222
14.54 0.00847865
14.55 0.00843526
14.56 0.00839206
14.57 0.00834904
14.58 0.0083062
14.59 0.00826355
14.6 0.00822108
14.61 0.00817879
14.62 0.00813668
14.63 0.00809475
14.64 0.008053
14.65 0.00801143
14.66 0.00797005
14.67 0.00792883
14.68 0.0078878
14.69 0.00784695
14.7 0.00780627
14.71 0.00776577
14.72 0.00772544
14.73 0.00768529
14.74 0.00764531
14.75 0.00760551
14.76 0.00756588
14.77 0.00752642
14.78 0.00748714
14.79 0.00744802
14.8 0.00740908
14.81 0.00737031
14.82 0.00733171
14.83 0.00729328
14.84 0.00725502
14.85 0.00721693
14.86 0.007179
14.87 0.00714125
14.88 0.00710366
14.89 0.00706623
14.9 0.00702897
14.91 0.00699188
14.92 0.00695495
14.93 0.00691819
14.94 0.00688159
14.95 0.00684515
14.96 0.00680888
14.97 0.00677277
14.98 0.00673682
14.99 0.00670103
15 0.0066654
15.01 0.00662993
15.02 0.00659462
15.03 0.00655947
15.04 0.00652448
15.05 0.00648964
15.06 0.00645497
15.07 0.00642045
15.08 0.00638608
15.09 0.00635187
15.1 0.00631782
15.11 0.00628392
15.12 0.00625018
15.13 0.00621659
15.14 0.00618315
15.15 0.00614986
15.16 0.00611673
15.17 0.00608375
15.18 0.00605092
15.19 0.00601824
15.2 0.00598571
15.21 0.00595333
15.22 0.0059211
15.23 0.00588901
15.24 0.00585708
15.25 0.00582529
15.26 0.00579365
15.27 0.00576216
15.28 0.00573081
15.29 0.0056996
15.3 0.00566854
15.31 0.00563763
15.32 0.00560686
15.33 0.00557623
15.34 0.00554575
15.35 0.0055154
15.36 0.0054852
15.37 0.00545514
15.38 0.00542523
15.39 0.00539545
15.4 0.00536581
15.41 0.00533631
15.42 0.00530695
15.43 0.00527772
15.44 0.00524864
15.45 0.00521969
15.46 0.00519088
15.47 0.00516221
15.48 0.00513367
15.49 0.00510526
15.5 0.00507699
15.51 0.00504886
15.52 0.00502086
15.53 0.00499299
15.54 0.00496526
15.55 0.00493765
15.56 0.00491018
15.57 0.00488284
15.58 0.00485563
15.59 0.00482855
15.6 0.00480161
15.61 0.00477479
15.62 0.0047481
15.63 0.00472153
15.64 0.0046951
15.65 0.00466879
15.66 0.00464261
15.67 0.00461656
15.68 0.00459063
15.69 0.00456483
15.7 0.00453915
15.71 0.0045136
15.72 0.00448817
15.73 0.00446287
15.74 0.00443768
15.75 0.00441263
15.76 0.00438769
15.77 0.00436287
15.78 0.00433818
15.79 0.00431361
15.8 0.00428915
15.81 0.00426482
15.82 0.00424061
15.83 0.00421651
15.84 0.00419254
15.85 0.00416868
15.86 0.00414494
15.87 0.00412131
15.88 0.00409781
15.89 0.00407442
15.9 0.00405114
15.91 0.00402798
15.92 0.00400494
15.93 0.00398201
15.94 0.00395919
15.95 0.00393649
15.96 0.0039139
15.97 0.00389142
15.98 0.00386905
15.99 0.0038468
16 0.00382465
16.01 0.00380262
16.02 0.0037807
16.03 0.00375889
16.04 0.00373719
16.05 0.00371559
16.06 0.00369411
16.07 0.00367273
16.08 0.00365146
16.09 0.0036303
16.1 0.00360925
16.11 0.0035883
16.12 0.00356745
16.13 0.00354672
16.14 0.00352608
16.15 0.00350556
16.16 0.00348513
16.17 0.00346481
16.18 0.0034446
16.19 0.00342449
16.2 0.00340447
16.21 0.00338457
16.22 0.00336476
16.23 0.00334505
16.24 0.00332545
16.25 0.00330595
16.26 0.00328654
16.27 0.00326724
16.28 0.00324803
16.29 0.00322892
16.3 0.00320992
16.31 0.003191
16.32 0.00317219
16.33 0.00315348
16.34 0.00313486
16.35 0.00311633
16.36 0.00309791
16.37 0.00307958
16.38 0.00306134
16.39 0.0030432
16.4 0.00302515
16.41 0.0030072
16.42 0.00298934
16.43 0.00297157
16.44 0.0029539
16.45 0.00293631
16.46 0.00291882
16.47 0.00290143
16.48 0.00288412
16.49 0.0028669
16.5 0.00284977
16.51 0.00283274
16.52 0.00281579
16.53 0.00279893
16.54 0.00278216
16.55 0.00276548
16.56 0.00274889
16.57 0.00273239
16.58 0.00271597
16.59 0.00269964
16.6 0.00268339
16.61 0.00266724
16.62 0.00265116
16.63 0.00263518
16.64 0.00261927
16.65 0.00260346
16.66 0.00258772
16.67 0.00257207
16.68 0.00255651
16.69 0.00254102
16.7 0.00252562
16.71 0.00251031
16.72 0.00249507
16.73 0.00247992
16.74 0.00246484
16.75 0.00244985
16.76 0.00243494
16.77 0.00242011
16.78 0.00240536
16.79 0.00239069
16.8 0.00237609
16.81 0.00236158
16.82 0.00234715
16.83 0.00233279
16.84 0.00231851
16.85 0.00230431
16.86 0.00229018
16.87 0.00227613
16.88 0.00226216
16.89 0.00224827
16.9 0.00223445
16.91 0.0022207
16.92 0.00220703
16.93 0.00219343
16.94 0.00217991
16.95 0.00216647
16.96 0.00215309
16.97 0.00213979
16.98 0.00212656
16.99 0.00211341
17 0.00210033
17.01 0.00208732
17.02 0.00207438
17.03 0.00206151
17.04 0.00204871
17.05 0.00203598
17.06 0.00202333
17.07 0.00201074
17.08 0.00199823
17.09 0.00198578
17.1 0.0019734
17.11 0.00196109
17.12 0.00194885
17.13 0.00193668
17.14 0.00192457
17.15 0.00191253
17.16 0.00190056
17.17 0.00188866
17.18 0.00187682
17.19 0.00186505
17.2 0.00185334
17.21 0.0018417
17.22 0.00183012
17.23 0.00181861
17.24 0.00180717
17.25 0.00179578
17.26 0.00178447
17.27 0.00177321
17.28 0.00176202
17.29 0.00175089
17.3 0.00173983
17.31 0.00172882
17.32 0.00171788
17.33 0.00170701
17.34 0.00169619
17.35 0.00168543
17.36 0.00167474
17.37 0.0016641
17.38 0.00165353
17.39 0.00164301
17.4 0.00163256
17.41 0.00162217
17.42 0.00161183
17.43 0.00160155
17.44 0.00159134
17.45 0.00158118
17.46 0.00157107
17.47 0.00156103
17.48 0.00155104
17.49 0.00154112
17.5 0.00153124
17.51 0.00152143
17.52 0.00151167
17.53 0.00150197
17.54 0.00149232
17.55 0.00148273
17.56 0.00147319
17.57 0.00146371
17.58 0.00145428
17.59 0.00144491
17.6 0.00143559
17.61 0.00142633
17.62 0.00141712
17.63 0.00140796
17.64 0.00139886
17.65 0.00138981
17.66 0.00138081
17.67 0.00137186
17.68 0.00136297
17.69 0.00135413
17.7 0.00134534
17.71 0.0013366
17.72 0.00132791
17.73 0.00131927
17.74 0.00131068
17.75 0.00130215
17.76 0.00129366
17.77 0.00128522
17.78 0.00127684
17.79 0.0012685
17.8 0.00126021
17.81 0.00125197
17.82 0.00124378
17.83 0.00123563
17.84 0.00122754
17.85 0.00121949
17.86 0.00121149
17.87 0.00120354
17.88 0.00119563
17.89 0.00118777
17.9 0.00117996
17.91 0.00117219
17.92 0.00116447
17.93 0.0011568
17.94 0.00114917
17.95 0.00114159
17.96 0.00113405
17.97 0.00112656
17.98 0.00111911
17.99 0.0011117
18 0.00110434
18.01 0.00109703
18.02 0.00108976
18.03 0.00108253
18.04 0.00107534
18.05 0.0010682
18.06 0.0010611
18.07 0.00105404
18.08 0.00104703
18.09 0.00104006
18.1 0.00103313
18.11 0.00102624
18.12 0.00101939
18.13 0.00101259
18.14 0.00100582
18.15 0.0009991
18.16 0.000992418
18.17 0.000985775
18.18 0.000979173
18.19 0.000972612
18.2 0.000966089
18.21 0.000959607
18.22 0.000953164
18.23 0.00094676
18.24 0.000940395
18.25 0.000934069
18.26 0.000927781
18.27 0.000921532
18.28 0.000915321
18.29 0.000909147
18.3 0.000903012
18.31 0.000896914
18.32 0.000890854
18.33 0.00088483
18.34 0.000878844
18.35 0.000872894
18.36 0.000866981
18.37 0.000861104
18.38 0.000855264
18.39 0.000849459
18.4 0.00084369
18.41 0.000837957
18.42 0.000832259
18.43 0.000826596
18.44 0.000820969
18.45 0.000815376
18.46 0.000809818
18.47 0.000804294
18.48 0.000798804
18.49 0.000793349
18.5 0.000787927
18.51 0.000782539
18.52 0.000777185
18.53 0.000771864
18.54 0.000766576
18.55 0.000761321
18.56 0.000756098
18.57 0.000750909
18.58 0.000745752
18.59 0.000740627
18.6 0.000735534
18.61 0.000730473
18.62 0.000725443
18.63 0.000720446
18.64 0.000715479
18.65 0.000710544
18.66 0.00070564
18.67 0.000700766
18.68 0.000695924
18.69 0.000691112
18.7 0.00068633
18.71 0.000681578
18.72 0.000676856
18.73 0.000672165
18.74 0.000667502
18.75 0.00066287
18.76 0.000658266
18.77 0.000653692
18.78 0.000649147
18.79 0.000644631
18.8 0.000640143
18.81 0.000635684
18.82 0.000631253
18.83 0.000626851
18.84 0.000622476
18.85 0.000618129
18.86 0.00061381
18.87 0.000609519
18.88 0.000605255
18.89 0.000601018
18.9 0.000596809
18.91 0.000592626
18.92 0.00058847
18.93 0.000584341
18.94 0.000580238
18.95 0.000576162
18.96 0.000572112
18.97 0.000568088
18.98 0.000564089
18.99 0.000560117
19 0.00055617
19.01 0.000552248
19.02 0.000548352
19.03 0.000544481
19.04 0.000540635
19.05 0.000536814
19.06 0.000533018
19.07 0.000529246
19.08 0.000525499
19.09 0.000521775
19.1 0.000518077
19.11 0.000514402
19.12 0.000510751
19.13 0.000507123
19.14 0.00050352
19.15 0.00049994
19.16 0.000496383
19.17 0.000492849
19.18 0.000489339
19.19 0.000485851
19.2 0.000482386
19.21 0.000478944
19.22 0.000475524
19.23 0.000472127
19.24 0.000468752
19.25 0.000465399
19.26 0.000462068
19.27 0.00045876
19.28 0.000455472
19.29 0.000452207
19.3 0.000448963
19.31 0.00044574
19.32 0.000442539
19.33 0.000439358
19.34 0.000436199
19.35 0.00043306
19.36 0.000429943
19.37 0.000426846
19.38 0.000423769
19.39 0.000420713
19.4 0.000417677
19.41 0.000414661
19.42 0.000411665
19.43 0.000408689
19.44 0.000405733
19.45 0.000402797
19.46 0.00039988
19.47 0.000396982
19.48 0.000394104
19.49 0.000391245
19.5 0.000388405
19.51 0.000385584
19.52 0.000382782
19.53 0.000379999
19.54 0.000377234
19.55 0.000374488
19.56 0.00037176
19.57 0.000369051
19.58 0.00036636
19.59 0.000363686
19.6 0.000361031
19.61 0.000358394
19.62 0.000355774
19.63 0.000353172
19.64 0.000350588
19.65 0.000348021
19.66 0.000345471
19.67 0.000342939
19.68 0.000340423
19.69 0.000337925
19.7 0.000335443
19.71 0.000332979
19.72 0.000330531
19.73 0.0003281
19.74 0.000325685
19.75 0.000323286
19.76 0.000320904
19.77 0.000318538
19.78 0.000316188
19.79 0.000313854
19.8 0.000311537
19.81 0.000309234
19.82 0.000306948
19.83 0.000304677
19.84 0.000302422
19.85 0.000300182
19.86 0.000297957
19.87 0.000295748
19.88 0.000293554
19.89 0.000291375
19.9 0.00028921
19.91 0.000287061
19.92 0.000284926
19.93 0.000282806
19.94 0.000280701
19.95 0.00027861
19.96 0.000276534
19.97 0.000274472
19.98 0.000272424
19.99 0.00027039
20 0.00026837
20.01 0.000266364
20.02 0.000264372
20.03 0.000262394
20.04 0.00026043
20.05 0.000258479
20.06 0.000256542
20.07 0.000254618
20.08 0.000252707
20.09 0.00025081
20.1 0.000248926
20.11 0.000247055
20.12 0.000245197
20.13 0.000243352
20.14 0.00024152
20.15 0.0002397
20.16 0.000237894
20.17 0.000236099
20.18 0.000234318
20.19 0.000232549
20.2 0.000230792
20.21 0.000229048
20.22 0.000227316
20.23 0.000225595
20.24 0.000223887
20.25 0.000222191
20.26 0.000220507
20.27 0.000218835
20.28 0.000217175
20.29 0.000215526
20.3 0.000213889
20.31 0.000212263
20.32 0.000210649
20.33 0.000209046
20.34 0.000207455
20.35 0.000205874
20.36 0.000204305
20.37 0.000202747
20.38 0.0002012
20.39 0.000199664
20.4 0.000198139
20.41 0.000196625
20.42 0.000195121
20.43 0.000193628
20.44 0.000192146
20.45 0.000190674
20.46 0.000189213
20.47 0.000187762
20.48 0.000186322
20.49 0.000184892
20.5 0.000183472
20.51 0.000182062
20.52 0.000180662
20.53 0.000179272
20.54 0.000177892
20.55 0.000176522
20.56 0.000175162
20.57 0.000173811
20.58 0.000172471
20.59 0.000171139
20.6 0.000169818
20.61 0.000168506
20.62 0.000167203
20.63 0.00016591
20.64 0.000164626
20.65 0.000163351
20.66 0.000162085
20.67 0.000160829
20.68 0.000159581
20.69 0.000158343
20.7 0.000157113
20.71 0.000155893
20.72 0.000154681
20.73 0.000153478
20.74 0.000152284
20.75 0.000151098
20.76 0.000149921
20.77 0.000148753
20.78 0.000147593
20.79 0.000146441
20.8 0.000145298
20.81 0.000144163
20.82 0.000143037
20.83 0.000141918
20.84 0.000140808
20.85 0.000139706
20.86 0.000138612
20.87 0.000137526
20.88 0.000136447
20.89 0.000135377
20.9 0.000134314
20.91 0.00013326
20.92 0.000132213
20.93 0.000131173
20.94 0.000130142
20.95 0.000129118
20.96 0.000128101
20.97 0.000127092
20.98 0.00012609
20.99 0.000125096
21 0.000124109
21.01 0.000123129
21.02 0.000122156
21.03 0.000121191
21.04 0.000120233
21.05 0.000119281
21.06 0.000118337
21.07 0.0001174
21.08 0.00011647
21.09 0.000115546
21.1 0.00011463
21.11 0.00011372
21.12 0.000112817
21.13 0.000111921
21.14 0.000111031
21.15 0.000110148
21.16 0.000109271
21.17 0.000108401
21.18 0.000107538
21.19 0.000106681
21.2 0.00010583
21.21 0.000104986
21.22 0.000104148
21.23 0.000103316
21.24 0.00010249
21.25 0.000101671
21.26 0.000100858
21.27 0.00010005
21.28 9.92493e-05
21.29 9.84541e-05
21.3 9.76649e-05
21.31 9.68816e-05
21.32 9.61041e-05
21.33 9.53325e-05
21.34 9.45668e-05
21.35 9.38067e-05
21.36 9.30524e-05
21.37 9.23038e-05
21.38 9.15607e-05
21.39 9.08233e-05
21.4 9.00915e-05
21.41 8.93652e-05
21.42 8.86443e-05
21.43 8.79289e-05
21.44 8.72189e-05
21.45 8.65143e-05
21.46 8.5815e-05
21.47 8.5121e-05
21.48 8.44322e-05
21.49 8.37487e-05
21.5 8.30703e-05
21.51 8.23971e-05
21.52 8.1729e-05
21.53 8.1066e-05
21.54 8.04081e-05
21.55 7.97551e-05
21.56 7.91071e-05
21.57 7.8464e-05
21.58 7.78259e-05
21.59 7.71926e-05
21.6 7.65641e-05
21.61 7.59404e-05
21.62 7.53215e-05
21.63 7.47073e-05
21.64 7.40978e-05
21.65 7.3493e-05
21.66 7.28928e-05
21.67 7.22972e-05
21.68 7.17062e-05
21.69 7.11197e-05
21.7 7.05377e-05
21.71 6.99601e-05
21.72 6.9387e-05
21.73 6.88184e-05
21.74 6.8254e-05
21.75 6.76941e-05
21.76 6.71384e-05
21.77 6.6587e-05
21.78 6.60399e-05
21.79 6.5497e-05
21.8 6.49582e-05
21.81 6.44237e-05
21.82 6.38932e-05
21.83 6.33669e-05
21.84 6.28447e-05
21.85 6.23264e-05
21.86 6.18122e-05
21.87 6.1302e-05
21.88 6.07957e-05
21.89 6.02934e-05
21.9 5.9795e-05
21.91 5.93004e-05
21.92 5.88097e-05
21.93 5.83228e-05
21.94 5.78396e-05
21.95 5.73603e-05
21.96 5.68846e-05
21.97 5.64127e-05
21.98 5.59445e-05
21.99 5.54799e-05
22 5.50189e-05
22.01 5.45616e-05
22.02 5.41078e-05
22.03 5.36575e-05
22.04 5.32108e-05
22.05 5.27676e-05
22.06 5.23279e-05
22.07 5.18915e-05
22.08 5.14587e-05
22.09 5.10292e-05
22.1 5.06031e-05
22.11 5.01803e-05
22.12 4.97609e-05
22.13 4.93447e-05
22.14 4.89319e-05
22.15 4.85222e-05
22.16 4.81158e-05
22.17 4.77127e-05
22.18 4.73127e-05
22.19 4.69158e-05
22.2 4.65221e-05
22.21 4.61315e-05
22.22 4.57439e-05
22.23 4.53595e-05
22.24 4.49781e-05
22.25 4.45997e-05
22.26 4.42243e-05
22.27 4.38519e-05
22.28 4.34824e-05
22.29 4.31159e-05
22.3 4.27522e-05
22.31 4.23915e-05
22.32 4.20336e-05
22.33 4.16786e-05
22.34 4.13264e-05
22.35 4.0977e-05
22.36 4.06304e-05
22.37 4.02865e-05
22.38 3.99454e-05
22.39 3.96071e-05
22.4 3.92714e-05
22.41 3.89384e-05
22.42 3.8608e-05
22.43 3.82803e-05
22.44 3.79552e-05
22.45 3.76328e-05
22.46 3.73129e-05
22.47 3.69956e-05
22.48 3.66808e-05
22.49 3.63685e-05
22.5 3.60588e-05
22.51 3.57515e-05
22.52 3.54467e-05
22.53 3.51444e-05
22.54 3.48445e-05
22.55 3.4547e-05
22.56 3.42519e-05
22.57 3.39591e-05
22.58 3.36688e-05
22.59 3.33808e-05
22.6 3.30951e-05
22.61 3.28117e-05
22.62 3.25306e-05
22.63 3.22518e-05
22.64 3.19752e-05
22.65 3.17009e-05
22.66 3.14288e-05
22.67 3.11589e-05
22.68 3.08912e-05
22.69 3.06256e-05
22.7 3.03622e-05
22.71 3.0101e-05
22.72 2.98419e-05
22.73 2.95848e-05
22.74 2.93299e-05
22.75 2.90771e-05
22.76 2.88263e-05
22.77 2.85775e-05
22.78 2.83308e-05
22.79 2.80861e-05
22.8 2.78434e-05
22.81 2.76026e-05
22.82 2.73639e-05
22.83 2.71271e-05
22.84 2.68922e-05
22.85 2.66592e-05
22.86 2.64282e-05
22.87 2.6199e-05
22.88 2.59718e-05
22.89 2.57463e-05
22.9 2.55228e-05
22.91 2.53011e-05
22.92 2.50812e-05
22.93 2.48631e-05
22.94 2.46467e-05
22.95 2.44322e-05
22.96 2.42195e-05
22.97 2.40084e-05
22.98 2.37992e-05
22.99 2.35916e-05
23 2.33858e-05
23.01 2.31817e-05
23.02 2.29792e-05
23.03 2.27784e-05
23.04 2.25793e-05
23.05 2.23819e-05
23.06 2.2186e-05
23.07 2.19918e-05
23.08 2.17992e-05
23.09 2.16082e-05
23.1 2.14188e-05
23.11 2.12309e-05
23.12 2.10446e-05
23.13 2.08599e-05
23.14 2.06767e-05
23.15 2.0495e-05
23.16 2.03148e-05
23.17 2.01361e-05
23.18 1.99589e-05
23.19 1.97832e-05
23.2 1.9609e-05
23.21 1.94362e-05
23.22 1.92648e-05
23.23 1.90949e-05
23.24 1.89264e-05
23.25 1.87593e-05
23.26 1.85936e-05
23.27 1.84293e-05
23.28 1.82664e-05
23.29 1.81048e-05
23.3 1.79446e-05
23.31 1.77857e-05
23.32 1.76282e-05
23.33 1.7472e-05
23.34 1.7317e-05
23.35 1.71634e-05
23.36 1.70111e-05
23.37 1.68601e-05
23.38 1.67103e-05
23.39 1.65618e-05
23.4 1.64146e-05
23.41 1.62686e-05
23.42 1.61238e-05
23.43 1.59803e-05
23.44 1.58379e-05
23.45 1.56968e-05
23.46 1.55568e-05
23.47 1.54181e-05
23.48 1.52805e-05
23.49 1.5144e-05
23.5 1.50088e-05
23.51 1.48747e-05
23.52 1.47417e-05
23.53 1.46098e-05
23.54 1.44791e-05
23.55 1.43494e-05
23.56 1.42209e-05
23.57 1.40935e-05
23.58 1.39671e-05
23.59 1.38418e-05
23.6 1.37176e-05
23.61 1.35945e-05
23.62 1.34724e-05
23.63 1.33513e-05
23.64 1.32313e-05
23.65 1.31123e-05
23.66 1.29943e-05
23.67 1.28773e-05
23.68 1.27613e-05
23.69 1.26463e-05
23.7 1.25323e-05
23.71 1.24193e-05
23.72 1.23072e-05
23.73 1.21961e-05
23.74 1.2086e-05
23.75 1.19767e-05
23.76 1.18685e-05
23.77 1.17611e-05
23.78 1.16547e-05
23.79 1.15492e-05
23.8 1.14446e-05
23.81 1.13409e-05
23.82 1.12381e-05
23.83 1.11362e-05
23.84 1.10352e-05
23.85 1.0935e-05
23.86 1.08357e-05
23.87 1.07373e-05
23.88 1.06397e-05
23.89 1.05429e-05
23.9 1.0447e-05
23.91 1.03519e-05
23.92 1.02576e-05
23.93 1.01642e-05
23.94 1.00715e-05
23.95 9.9797e-06
23.96 9.88866e-06
23.97 9.79841e-06
23.98 9.70894e-06
23.99 9.62025e-06
